: Diana Datafile written by Diana 10.1
'LOADS'
CASE 1
NAME ELCENTRO_NS
BASE
   1   1.0000000E+00
'TIMELO'
LOAD 1
TIMES   0.000E+00   2.000E-02   4.000E-02   6.000E-02   8.000E-02   1.000E-01  
       1.200E-01   1.400E-01   1.600E-01   1.800E-01   2.000E-01   2.200E-01  
       2.400E-01   2.600E-01   2.800E-01   3.000E-01   3.200E-01   3.400E-01  
       3.600E-01   3.800E-01   4.000E-01   4.200E-01   4.400E-01   4.600E-01  
       4.800E-01   5.000E-01   5.200E-01   5.400E-01   5.600E-01   5.800E-01  
       6.000E-01   6.200E-01   6.400E-01   6.600E-01   6.800E-01   7.000E-01  
       7.200E-01   7.400E-01   7.600E-01   7.800E-01   8.000E-01   8.200E-01  
       8.400E-01   8.600E-01   8.800E-01   9.000E-01   9.200E-01   9.400E-01  
       9.600E-01   9.800E-01   1.000E+00   1.020E+00   1.040E+00   1.060E+00  
       1.080E+00   1.100E+00   1.120E+00   1.140E+00   1.160E+00   1.180E+00  
       1.200E+00   1.220E+00   1.240E+00   1.260E+00   1.280E+00   1.300E+00  
       1.320E+00   1.340E+00   1.360E+00   1.380E+00   1.400E+00   1.420E+00  
       1.440E+00   1.460E+00   1.480E+00   1.500E+00   1.520E+00   1.540E+00  
       1.560E+00   1.580E+00   1.600E+00   1.620E+00   1.640E+00   1.660E+00  
       1.680E+00   1.700E+00   1.720E+00   1.740E+00   1.760E+00   1.780E+00  
       1.800E+00   1.820E+00   1.840E+00   1.860E+00   1.880E+00   1.900E+00  
       1.920E+00   1.940E+00   1.960E+00   1.980E+00   2.000E+00   2.020E+00  
       2.040E+00   2.060E+00   2.080E+00   2.100E+00   2.120E+00   2.140E+00  
       2.160E+00   2.180E+00   2.200E+00   2.220E+00   2.240E+00   2.260E+00  
       2.280E+00   2.300E+00   2.320E+00   2.340E+00   2.360E+00   2.380E+00  
       2.400E+00   2.420E+00   2.440E+00   2.460E+00   2.480E+00   2.500E+00  
       2.520E+00   2.540E+00   2.560E+00   2.580E+00   2.600E+00   2.620E+00  
       2.640E+00   2.660E+00   2.680E+00   2.700E+00   2.720E+00   2.740E+00  
       2.760E+00   2.780E+00   2.800E+00   2.820E+00   2.840E+00   2.860E+00  
       2.880E+00   2.900E+00   2.920E+00   2.940E+00   2.960E+00   2.980E+00  
       3.000E+00   3.020E+00   3.040E+00   3.060E+00   3.080E+00   3.100E+00  
       3.120E+00   3.140E+00   3.160E+00   3.180E+00   3.200E+00   3.220E+00  
       3.240E+00   3.260E+00   3.280E+00   3.300E+00   3.320E+00   3.340E+00  
       3.360E+00   3.380E+00   3.400E+00   3.420E+00   3.440E+00   3.460E+00  
       3.480E+00   3.500E+00   3.520E+00   3.540E+00   3.560E+00   3.580E+00  
       3.600E+00   3.620E+00   3.640E+00   3.660E+00   3.680E+00   3.700E+00  
       3.720E+00   3.740E+00   3.760E+00   3.780E+00   3.800E+00   3.820E+00  
       3.840E+00   3.860E+00   3.880E+00   3.900E+00   3.920E+00   3.940E+00  
       3.960E+00   3.980E+00   4.000E+00   4.020E+00   4.040E+00   4.060E+00  
       4.080E+00   4.100E+00   4.120E+00   4.140E+00   4.160E+00   4.180E+00  
       4.200E+00   4.220E+00   4.240E+00   4.260E+00   4.280E+00   4.300E+00  
       4.320E+00   4.340E+00   4.360E+00   4.380E+00   4.400E+00   4.420E+00  
       4.440E+00   4.460E+00   4.480E+00   4.500E+00   4.520E+00   4.540E+00  
       4.560E+00   4.580E+00   4.600E+00   4.620E+00   4.640E+00   4.660E+00  
       4.680E+00   4.700E+00   4.720E+00   4.740E+00   4.760E+00   4.780E+00  
       4.800E+00   4.820E+00   4.840E+00   4.860E+00   4.880E+00   4.900E+00  
       4.920E+00   4.940E+00   4.960E+00   4.980E+00   5.000E+00   5.020E+00  
       5.040E+00   5.060E+00   5.080E+00   5.100E+00   5.120E+00   5.140E+00  
       5.160E+00   5.180E+00   5.200E+00   5.220E+00   5.240E+00   5.260E+00  
       5.280E+00   5.300E+00   5.320E+00   5.340E+00   5.360E+00   5.380E+00  
       5.400E+00   5.420E+00   5.440E+00   5.460E+00   5.480E+00   5.500E+00  
       5.520E+00   5.540E+00   5.560E+00   5.580E+00   5.600E+00   5.620E+00  
       5.640E+00   5.660E+00   5.680E+00   5.700E+00   5.720E+00   5.740E+00  
       5.760E+00   5.780E+00   5.800E+00   5.820E+00   5.840E+00   5.860E+00  
       5.880E+00   5.900E+00   5.920E+00   5.940E+00   5.960E+00   5.980E+00  
       6.000E+00   6.020E+00   6.040E+00   6.060E+00   6.080E+00   6.100E+00  
       6.120E+00   6.140E+00   6.160E+00   6.180E+00   6.200E+00   6.220E+00  
       6.240E+00   6.260E+00   6.280E+00   6.300E+00   6.320E+00   6.340E+00  
       6.360E+00   6.380E+00   6.400E+00   6.420E+00   6.440E+00   6.460E+00  
       6.480E+00   6.500E+00   6.520E+00   6.540E+00   6.560E+00   6.580E+00  
       6.600E+00   6.620E+00   6.640E+00   6.660E+00   6.680E+00   6.700E+00  
       6.720E+00   6.740E+00   6.760E+00   6.780E+00   6.800E+00   6.820E+00  
       6.840E+00   6.860E+00   6.880E+00   6.900E+00   6.920E+00   6.940E+00  
       6.960E+00   6.980E+00   7.000E+00   7.020E+00   7.040E+00   7.060E+00  
       7.080E+00   7.100E+00   7.120E+00   7.140E+00   7.160E+00   7.180E+00  
       7.200E+00   7.220E+00   7.240E+00   7.260E+00   7.280E+00   7.300E+00  
       7.320E+00   7.340E+00   7.360E+00   7.380E+00   7.400E+00   7.420E+00  
       7.440E+00   7.460E+00   7.480E+00   7.500E+00   7.520E+00   7.540E+00  
       7.560E+00   7.580E+00   7.600E+00   7.620E+00   7.640E+00   7.660E+00  
       7.680E+00   7.700E+00   7.720E+00   7.740E+00   7.760E+00   7.780E+00  
       7.800E+00   7.820E+00   7.840E+00   7.860E+00   7.880E+00   7.900E+00  
       7.920E+00   7.940E+00   7.960E+00   7.980E+00   8.000E+00   8.020E+00  
       8.040E+00   8.060E+00   8.080E+00   8.100E+00   8.120E+00   8.140E+00  
       8.160E+00   8.180E+00   8.200E+00   8.220E+00   8.240E+00   8.260E+00  
       8.280E+00   8.300E+00   8.320E+00   8.340E+00   8.360E+00   8.380E+00  
       8.400E+00   8.420E+00   8.440E+00   8.460E+00   8.480E+00   8.500E+00  
       8.520E+00   8.540E+00   8.560E+00   8.580E+00   8.600E+00   8.620E+00  
       8.640E+00   8.660E+00   8.680E+00   8.700E+00   8.720E+00   8.740E+00  
       8.760E+00   8.780E+00   8.800E+00   8.820E+00   8.840E+00   8.860E+00  
       8.880E+00   8.900E+00   8.920E+00   8.940E+00   8.960E+00   8.980E+00  
       9.000E+00   9.020E+00   9.040E+00   9.060E+00   9.080E+00   9.100E+00  
       9.120E+00   9.140E+00   9.160E+00   9.180E+00   9.200E+00   9.220E+00  
       9.240E+00   9.260E+00   9.280E+00   9.300E+00   9.320E+00   9.340E+00  
       9.360E+00   9.380E+00   9.400E+00   9.420E+00   9.440E+00   9.460E+00  
       9.480E+00   9.500E+00   9.520E+00   9.540E+00   9.560E+00   9.580E+00  
       9.600E+00   9.620E+00   9.640E+00   9.660E+00   9.680E+00   9.700E+00  
       9.720E+00   9.740E+00   9.760E+00   9.780E+00   9.800E+00   9.820E+00  
       9.840E+00   9.860E+00   9.880E+00   9.900E+00   9.920E+00   9.940E+00  
       9.960E+00   9.980E+00   1.000E+01   1.002E+01   1.004E+01   1.006E+01  
       1.008E+01   1.010E+01   1.012E+01   1.014E+01   1.016E+01   1.018E+01  
       1.020E+01   1.022E+01   1.024E+01   1.026E+01   1.028E+01   1.030E+01  
       1.032E+01   1.034E+01   1.036E+01   1.038E+01   1.040E+01   1.042E+01  
       1.044E+01   1.046E+01   1.048E+01   1.050E+01   1.052E+01   1.054E+01  
       1.056E+01   1.058E+01   1.060E+01   1.062E+01   1.064E+01   1.066E+01  
       1.068E+01   1.070E+01   1.072E+01   1.074E+01   1.076E+01   1.078E+01  
       1.080E+01   1.082E+01   1.084E+01   1.086E+01   1.088E+01   1.090E+01  
       1.092E+01   1.094E+01   1.096E+01   1.098E+01   1.100E+01   1.102E+01  
       1.104E+01   1.106E+01   1.108E+01   1.110E+01   1.112E+01   1.114E+01  
       1.116E+01   1.118E+01   1.120E+01   1.122E+01   1.124E+01   1.126E+01  
       1.128E+01   1.130E+01   1.132E+01   1.134E+01   1.136E+01   1.138E+01  
       1.140E+01   1.142E+01   1.144E+01   1.146E+01   1.148E+01   1.150E+01  
       1.152E+01   1.154E+01   1.156E+01   1.158E+01   1.160E+01   1.162E+01  
       1.164E+01   1.166E+01   1.168E+01   1.170E+01   1.172E+01   1.174E+01  
       1.176E+01   1.178E+01   1.180E+01   1.182E+01   1.184E+01   1.186E+01  
       1.188E+01   1.190E+01   1.192E+01   1.194E+01   1.196E+01   1.198E+01  
       1.200E+01   1.202E+01   1.204E+01   1.206E+01   1.208E+01   1.210E+01  
       1.212E+01   1.214E+01   1.216E+01   1.218E+01   1.220E+01   1.222E+01  
       1.224E+01   1.226E+01   1.228E+01   1.230E+01   1.232E+01   1.234E+01  
       1.236E+01   1.238E+01   1.240E+01   1.242E+01   1.244E+01   1.246E+01  
       1.248E+01   1.250E+01   1.252E+01   1.254E+01   1.256E+01   1.258E+01  
       1.260E+01   1.262E+01   1.264E+01   1.266E+01   1.268E+01   1.270E+01  
       1.272E+01   1.274E+01   1.276E+01   1.278E+01   1.280E+01   1.282E+01  
       1.284E+01   1.286E+01   1.288E+01   1.290E+01   1.292E+01   1.294E+01  
       1.296E+01   1.298E+01   1.300E+01   1.302E+01   1.304E+01   1.306E+01  
       1.308E+01   1.310E+01   1.312E+01   1.314E+01   1.316E+01   1.318E+01  
       1.320E+01   1.322E+01   1.324E+01   1.326E+01   1.328E+01   1.330E+01  
       1.332E+01   1.334E+01   1.336E+01   1.338E+01   1.340E+01   1.342E+01  
       1.344E+01   1.346E+01   1.348E+01   1.350E+01   1.352E+01   1.354E+01  
       1.356E+01   1.358E+01   1.360E+01   1.362E+01   1.364E+01   1.366E+01  
       1.368E+01   1.370E+01   1.372E+01   1.374E+01   1.376E+01   1.378E+01  
       1.380E+01   1.382E+01   1.384E+01   1.386E+01   1.388E+01   1.390E+01  
       1.392E+01   1.394E+01   1.396E+01   1.398E+01   1.400E+01   1.402E+01  
       1.404E+01   1.406E+01   1.408E+01   1.410E+01   1.412E+01   1.414E+01  
       1.416E+01   1.418E+01   1.420E+01   1.422E+01   1.424E+01   1.426E+01  
       1.428E+01   1.430E+01   1.432E+01   1.434E+01   1.436E+01   1.438E+01  
       1.440E+01   1.442E+01   1.444E+01   1.446E+01   1.448E+01   1.450E+01  
       1.452E+01   1.454E+01   1.456E+01   1.458E+01   1.460E+01   1.462E+01  
       1.464E+01   1.466E+01   1.468E+01   1.470E+01   1.472E+01   1.474E+01  
       1.476E+01   1.478E+01   1.480E+01   1.482E+01   1.484E+01   1.486E+01  
       1.488E+01   1.490E+01   1.492E+01   1.494E+01   1.496E+01   1.498E+01  
       1.500E+01   1.502E+01   1.504E+01   1.506E+01   1.508E+01   1.510E+01  
       1.512E+01   1.514E+01   1.516E+01   1.518E+01   1.520E+01   1.522E+01  
       1.524E+01   1.526E+01   1.528E+01   1.530E+01   1.532E+01   1.534E+01  
       1.536E+01   1.538E+01   1.540E+01   1.542E+01   1.544E+01   1.546E+01  
       1.548E+01   1.550E+01   1.552E+01   1.554E+01   1.556E+01   1.558E+01  
       1.560E+01   1.562E+01   1.564E+01   1.566E+01   1.568E+01   1.570E+01  
       1.572E+01   1.574E+01   1.576E+01   1.578E+01   1.580E+01   1.582E+01  
       1.584E+01   1.586E+01   1.588E+01   1.590E+01   1.592E+01   1.594E+01  
       1.596E+01   1.598E+01   1.600E+01   1.602E+01   1.604E+01   1.606E+01  
       1.608E+01   1.610E+01   1.612E+01   1.614E+01   1.616E+01   1.618E+01  
       1.620E+01   1.622E+01   1.624E+01   1.626E+01   1.628E+01   1.630E+01  
       1.632E+01   1.634E+01   1.636E+01   1.638E+01   1.640E+01   1.642E+01  
       1.644E+01   1.646E+01   1.648E+01   1.650E+01   1.652E+01   1.654E+01  
       1.656E+01   1.658E+01   1.660E+01   1.662E+01   1.664E+01   1.666E+01  
       1.668E+01   1.670E+01   1.672E+01   1.674E+01   1.676E+01   1.678E+01  
       1.680E+01   1.682E+01   1.684E+01   1.686E+01   1.688E+01   1.690E+01  
       1.692E+01   1.694E+01   1.696E+01   1.698E+01   1.700E+01   1.702E+01  
       1.704E+01   1.706E+01   1.708E+01   1.710E+01   1.712E+01   1.714E+01  
       1.716E+01   1.718E+01   1.720E+01   1.722E+01   1.724E+01   1.726E+01  
       1.728E+01   1.730E+01   1.732E+01   1.734E+01   1.736E+01   1.738E+01  
       1.740E+01   1.742E+01   1.744E+01   1.746E+01   1.748E+01   1.750E+01  
       1.752E+01   1.754E+01   1.756E+01   1.758E+01   1.760E+01   1.762E+01  
       1.764E+01   1.766E+01   1.768E+01   1.770E+01   1.772E+01   1.774E+01  
       1.776E+01   1.778E+01   1.780E+01   1.782E+01   1.784E+01   1.786E+01  
       1.788E+01   1.790E+01   1.792E+01   1.794E+01   1.796E+01   1.798E+01  
       1.800E+01   1.802E+01   1.804E+01   1.806E+01   1.808E+01   1.810E+01  
       1.812E+01   1.814E+01   1.816E+01   1.818E+01   1.820E+01   1.822E+01  
       1.824E+01   1.826E+01   1.828E+01   1.830E+01   1.832E+01   1.834E+01  
       1.836E+01   1.838E+01   1.840E+01   1.842E+01   1.844E+01   1.846E+01  
       1.848E+01   1.850E+01   1.852E+01   1.854E+01   1.856E+01   1.858E+01  
       1.860E+01   1.862E+01   1.864E+01   1.866E+01   1.868E+01   1.870E+01  
       1.872E+01   1.874E+01   1.876E+01   1.878E+01   1.880E+01   1.882E+01  
       1.884E+01   1.886E+01   1.888E+01   1.890E+01   1.892E+01   1.894E+01  
       1.896E+01   1.898E+01   1.900E+01   1.902E+01   1.904E+01   1.906E+01  
       1.908E+01   1.910E+01   1.912E+01   1.914E+01   1.916E+01   1.918E+01  
       1.920E+01   1.922E+01   1.924E+01   1.926E+01   1.928E+01   1.930E+01  
       1.932E+01   1.934E+01   1.936E+01   1.938E+01   1.940E+01   1.942E+01  
       1.944E+01   1.946E+01   1.948E+01   1.950E+01   1.952E+01   1.954E+01  
       1.956E+01   1.958E+01   1.960E+01   1.962E+01   1.964E+01   1.966E+01  
       1.968E+01   1.970E+01   1.972E+01   1.974E+01   1.976E+01   1.978E+01  
       1.980E+01   1.982E+01   1.984E+01   1.986E+01   1.988E+01   1.990E+01  
       1.992E+01   1.994E+01   1.996E+01   1.998E+01   2.000E+01   2.002E+01  
       2.004E+01   2.006E+01   2.008E+01   2.010E+01   2.012E+01   2.014E+01  
       2.016E+01   2.018E+01   2.020E+01   2.022E+01   2.024E+01   2.026E+01  
       2.028E+01   2.030E+01   2.032E+01   2.034E+01   2.036E+01   2.038E+01  
       2.040E+01   2.042E+01   2.044E+01   2.046E+01   2.048E+01   2.050E+01  
       2.052E+01   2.054E+01   2.056E+01   2.058E+01   2.060E+01   2.062E+01  
       2.064E+01   2.066E+01   2.068E+01   2.070E+01   2.072E+01   2.074E+01  
       2.076E+01   2.078E+01   2.080E+01   2.082E+01   2.084E+01   2.086E+01  
       2.088E+01   2.090E+01   2.092E+01   2.094E+01   2.096E+01   2.098E+01  
       2.100E+01   2.102E+01   2.104E+01   2.106E+01   2.108E+01   2.110E+01  
       2.112E+01   2.114E+01   2.116E+01   2.118E+01   2.120E+01   2.122E+01  
       2.124E+01   2.126E+01   2.128E+01   2.130E+01   2.132E+01   2.134E+01  
       2.136E+01   2.138E+01   2.140E+01   2.142E+01   2.144E+01   2.146E+01  
       2.148E+01   2.150E+01   2.152E+01   2.154E+01   2.156E+01   2.158E+01  
       2.160E+01   2.162E+01   2.164E+01   2.166E+01   2.168E+01   2.170E+01  
       2.172E+01   2.174E+01   2.176E+01   2.178E+01   2.180E+01   2.182E+01  
       2.184E+01   2.186E+01   2.188E+01   2.190E+01   2.192E+01   2.194E+01  
       2.196E+01   2.198E+01   2.200E+01   2.202E+01   2.204E+01   2.206E+01  
       2.208E+01   2.210E+01   2.212E+01   2.214E+01   2.216E+01   2.218E+01  
       2.220E+01   2.222E+01   2.224E+01   2.226E+01   2.228E+01   2.230E+01  
       2.232E+01   2.234E+01   2.236E+01   2.238E+01   2.240E+01   2.242E+01  
       2.244E+01   2.246E+01   2.248E+01   2.250E+01   2.252E+01   2.254E+01  
       2.256E+01   2.258E+01   2.260E+01   2.262E+01   2.264E+01   2.266E+01  
       2.268E+01   2.270E+01   2.272E+01   2.274E+01   2.276E+01   2.278E+01  
       2.280E+01   2.282E+01   2.284E+01   2.286E+01   2.288E+01   2.290E+01  
       2.292E+01   2.294E+01   2.296E+01   2.298E+01   2.300E+01   2.302E+01  
       2.304E+01   2.306E+01   2.308E+01   2.310E+01   2.312E+01   2.314E+01  
       2.316E+01   2.318E+01   2.320E+01   2.322E+01   2.324E+01   2.326E+01  
       2.328E+01   2.330E+01   2.332E+01   2.334E+01   2.336E+01   2.338E+01  
       2.340E+01   2.342E+01   2.344E+01   2.346E+01   2.348E+01   2.350E+01  
       2.352E+01   2.354E+01   2.356E+01   2.358E+01   2.360E+01   2.362E+01  
       2.364E+01   2.366E+01   2.368E+01   2.370E+01   2.372E+01   2.374E+01  
       2.376E+01   2.378E+01   2.380E+01   2.382E+01   2.384E+01   2.386E+01  
       2.388E+01   2.390E+01   2.392E+01   2.394E+01   2.396E+01   2.398E+01  
       2.400E+01   2.402E+01   2.404E+01   2.406E+01   2.408E+01   2.410E+01  
       2.412E+01   2.414E+01   2.416E+01   2.418E+01   2.420E+01   2.422E+01  
       2.424E+01   2.426E+01   2.428E+01   2.430E+01   2.432E+01   2.434E+01  
       2.436E+01   2.438E+01   2.440E+01   2.442E+01   2.444E+01   2.446E+01  
       2.448E+01   2.450E+01   2.452E+01   2.454E+01   2.456E+01   2.458E+01  
       2.460E+01   2.462E+01   2.464E+01   2.466E+01   2.468E+01   2.470E+01  
       2.472E+01   2.474E+01   2.476E+01   2.478E+01   2.480E+01   2.482E+01  
       2.484E+01   2.486E+01   2.488E+01   2.490E+01   2.492E+01   2.494E+01  
       2.496E+01   2.498E+01   2.500E+01   2.502E+01   2.504E+01   2.506E+01  
       2.508E+01   2.510E+01   2.512E+01   2.514E+01   2.516E+01   2.518E+01  
       2.520E+01   2.522E+01   2.524E+01   2.526E+01   2.528E+01   2.530E+01  
       2.532E+01   2.534E+01   2.536E+01   2.538E+01   2.540E+01   2.542E+01  
       2.544E+01   2.546E+01   2.548E+01   2.550E+01   2.552E+01   2.554E+01  
       2.556E+01   2.558E+01   2.560E+01   2.562E+01   2.564E+01   2.566E+01  
       2.568E+01   2.570E+01   2.572E+01   2.574E+01   2.576E+01   2.578E+01  
       2.580E+01   2.582E+01   2.584E+01   2.586E+01   2.588E+01   2.590E+01  
       2.592E+01   2.594E+01   2.596E+01   2.598E+01   2.600E+01   2.602E+01  
       2.604E+01   2.606E+01   2.608E+01   2.610E+01   2.612E+01   2.614E+01  
       2.616E+01   2.618E+01   2.620E+01   2.622E+01   2.624E+01   2.626E+01  
       2.628E+01   2.630E+01   2.632E+01   2.634E+01   2.636E+01   2.638E+01  
       2.640E+01   2.642E+01   2.644E+01   2.646E+01   2.648E+01   2.650E+01  
       2.652E+01   2.654E+01   2.656E+01   2.658E+01   2.660E+01   2.662E+01  
       2.664E+01   2.666E+01   2.668E+01   2.670E+01   2.672E+01   2.674E+01  
       2.676E+01   2.678E+01   2.680E+01   2.682E+01   2.684E+01   2.686E+01  
       2.688E+01   2.690E+01   2.692E+01   2.694E+01   2.696E+01   2.698E+01  
       2.700E+01   2.702E+01   2.704E+01   2.706E+01   2.708E+01   2.710E+01  
       2.712E+01   2.714E+01   2.716E+01   2.718E+01   2.720E+01   2.722E+01  
       2.724E+01   2.726E+01   2.728E+01   2.730E+01   2.732E+01   2.734E+01  
       2.736E+01   2.738E+01   2.740E+01   2.742E+01   2.744E+01   2.746E+01  
       2.748E+01   2.750E+01   2.752E+01   2.754E+01   2.756E+01   2.758E+01  
       2.760E+01   2.762E+01   2.764E+01   2.766E+01   2.768E+01   2.770E+01  
       2.772E+01   2.774E+01   2.776E+01   2.778E+01   2.780E+01   2.782E+01  
       2.784E+01   2.786E+01   2.788E+01   2.790E+01   2.792E+01   2.794E+01  
       2.796E+01   2.798E+01   2.800E+01   2.802E+01   2.804E+01   2.806E+01  
       2.808E+01   2.810E+01   2.812E+01   2.814E+01   2.816E+01   2.818E+01  
       2.820E+01   2.822E+01   2.824E+01   2.826E+01   2.828E+01   2.830E+01  
       2.832E+01   2.834E+01   2.836E+01   2.838E+01   2.840E+01   2.842E+01  
       2.844E+01   2.846E+01   2.848E+01   2.850E+01   2.852E+01   2.854E+01  
       2.856E+01   2.858E+01   2.860E+01   2.862E+01   2.864E+01   2.866E+01  
       2.868E+01   2.870E+01   2.872E+01   2.874E+01   2.876E+01   2.878E+01  
       2.880E+01   2.882E+01   2.884E+01   2.886E+01   2.888E+01   2.890E+01  
       2.892E+01   2.894E+01   2.896E+01   2.898E+01   2.900E+01   2.902E+01  
       2.904E+01   2.906E+01   2.908E+01   2.910E+01   2.912E+01   2.914E+01  
       2.916E+01   2.918E+01   2.920E+01   2.922E+01   2.924E+01   2.926E+01  
       2.928E+01   2.930E+01   2.932E+01   2.934E+01   2.936E+01   2.938E+01  
       2.940E+01   2.942E+01   2.944E+01   2.946E+01   2.948E+01   2.950E+01  
       2.952E+01   2.954E+01   2.956E+01   2.958E+01   2.960E+01   2.962E+01  
       2.964E+01   2.966E+01   2.968E+01   2.970E+01   2.972E+01   2.974E+01  
       2.976E+01   2.978E+01   2.980E+01   2.982E+01   2.984E+01   2.986E+01  
       2.988E+01   2.990E+01   2.992E+01   2.994E+01   2.996E+01   2.998E+01  
       3.000E+01   3.002E+01   3.004E+01   3.006E+01   3.008E+01   3.010E+01  
       3.012E+01   3.014E+01   3.016E+01   3.018E+01   3.020E+01   3.022E+01  
       3.024E+01   3.026E+01   3.028E+01   3.030E+01   3.032E+01   3.034E+01  
       3.036E+01   3.038E+01   3.040E+01   3.042E+01   3.044E+01   3.046E+01  
       3.048E+01   3.050E+01   3.052E+01   3.054E+01   3.056E+01   3.058E+01  
       3.060E+01   3.062E+01   3.064E+01   3.066E+01   3.068E+01   3.070E+01  
       3.072E+01   3.074E+01   3.076E+01   3.078E+01   3.080E+01   3.082E+01  
       3.084E+01   3.086E+01   3.088E+01   3.090E+01   3.092E+01   3.094E+01  
       3.096E+01   3.098E+01   3.100E+01   3.102E+01   3.104E+01   3.106E+01  
       3.108E+01   3.110E+01   3.112E+01   3.114E+01   3.116E+01   3.118E+01  
       3.120E+01   3.122E+01   3.124E+01   3.126E+01   3.128E+01   3.130E+01  
       3.132E+01   3.134E+01   3.136E+01   3.138E+01   3.140E+01   3.142E+01  
       3.144E+01   3.146E+01   3.148E+01   3.150E+01   3.152E+01   3.154E+01  
       3.156E+01   3.158E+01   3.160E+01   3.162E+01   3.164E+01   3.166E+01  
       3.168E+01   3.170E+01   3.172E+01   3.174E+01   3.176E+01   3.178E+01  
       3.180E+01   3.182E+01   3.184E+01   3.186E+01   3.188E+01   3.190E+01  
       3.192E+01   3.194E+01   3.196E+01   3.198E+01   3.200E+01   3.202E+01  
       3.204E+01   3.206E+01   3.208E+01   3.210E+01   3.212E+01   3.214E+01  
       3.216E+01   3.218E+01   3.220E+01   3.222E+01   3.224E+01   3.226E+01  
       3.228E+01   3.230E+01   3.232E+01   3.234E+01   3.236E+01   3.238E+01  
       3.240E+01   3.242E+01   3.244E+01   3.246E+01   3.248E+01   3.250E+01  
       3.252E+01   3.254E+01   3.256E+01   3.258E+01   3.260E+01   3.262E+01  
       3.264E+01   3.266E+01   3.268E+01   3.270E+01   3.272E+01   3.274E+01  
       3.276E+01   3.278E+01   3.280E+01   3.282E+01   3.284E+01   3.286E+01  
       3.288E+01   3.290E+01   3.292E+01   3.294E+01   3.296E+01   3.298E+01  
       3.300E+01   3.302E+01   3.304E+01   3.306E+01   3.308E+01   3.310E+01  
       3.312E+01   3.314E+01   3.316E+01   3.318E+01   3.320E+01   3.322E+01  
       3.324E+01   3.326E+01   3.328E+01   3.330E+01   3.332E+01   3.334E+01  
       3.336E+01   3.338E+01   3.340E+01   3.342E+01   3.344E+01   3.346E+01  
       3.348E+01   3.350E+01   3.352E+01   3.354E+01   3.356E+01   3.358E+01  
       3.360E+01   3.362E+01   3.364E+01   3.366E+01   3.368E+01   3.370E+01  
       3.372E+01   3.374E+01   3.376E+01   3.378E+01   3.380E+01   3.382E+01  
       3.384E+01   3.386E+01   3.388E+01   3.390E+01   3.392E+01   3.394E+01  
       3.396E+01   3.398E+01   3.400E+01   3.402E+01   3.404E+01   3.406E+01  
       3.408E+01   3.410E+01   3.412E+01   3.414E+01   3.416E+01   3.418E+01  
       3.420E+01   3.422E+01   3.424E+01   3.426E+01   3.428E+01   3.430E+01  
       3.432E+01   3.434E+01   3.436E+01   3.438E+01   3.440E+01   3.442E+01  
       3.444E+01   3.446E+01   3.448E+01   3.450E+01   3.452E+01   3.454E+01  
       3.456E+01   3.458E+01   3.460E+01   3.462E+01   3.464E+01   3.466E+01  
       3.468E+01   3.470E+01   3.472E+01   3.474E+01   3.476E+01   3.478E+01  
       3.480E+01   3.482E+01   3.484E+01   3.486E+01   3.488E+01   3.490E+01  
       3.492E+01   3.494E+01   3.496E+01   3.498E+01   3.500E+01   3.502E+01  
       3.504E+01   3.506E+01   3.508E+01   3.510E+01   3.512E+01   3.514E+01  
       3.516E+01   3.518E+01   3.520E+01   3.522E+01   3.524E+01   3.526E+01  
       3.528E+01   3.530E+01   3.532E+01   3.534E+01   3.536E+01   3.538E+01  
       3.540E+01   3.542E+01   3.544E+01   3.546E+01   3.548E+01   3.550E+01  
       3.552E+01   3.554E+01   3.556E+01   3.558E+01   3.560E+01   3.562E+01  
       3.564E+01   3.566E+01   3.568E+01   3.570E+01   3.572E+01   3.574E+01  
       3.576E+01   3.578E+01   3.580E+01   3.582E+01   3.584E+01   3.586E+01  
       3.588E+01   3.590E+01   3.592E+01   3.594E+01   3.596E+01   3.598E+01  
       3.600E+01   3.602E+01   3.604E+01   3.606E+01   3.608E+01   3.610E+01  
       3.612E+01   3.614E+01   3.616E+01   3.618E+01   3.620E+01   3.622E+01  
       3.624E+01   3.626E+01   3.628E+01   3.630E+01   3.632E+01   3.634E+01  
       3.636E+01   3.638E+01   3.640E+01   3.642E+01   3.644E+01   3.646E+01  
       3.648E+01   3.650E+01   3.652E+01   3.654E+01   3.656E+01   3.658E+01  
       3.660E+01   3.662E+01   3.664E+01   3.666E+01   3.668E+01   3.670E+01  
       3.672E+01   3.674E+01   3.676E+01   3.678E+01   3.680E+01   3.682E+01  
       3.684E+01   3.686E+01   3.688E+01   3.690E+01   3.692E+01   3.694E+01  
       3.696E+01   3.698E+01   3.700E+01   3.702E+01   3.704E+01   3.706E+01  
       3.708E+01   3.710E+01   3.712E+01   3.714E+01   3.716E+01   3.718E+01  
       3.720E+01   3.722E+01   3.724E+01   3.726E+01   3.728E+01   3.730E+01  
       3.732E+01   3.734E+01   3.736E+01   3.738E+01   3.740E+01   3.742E+01  
       3.744E+01   3.746E+01   3.748E+01   3.750E+01   3.752E+01   3.754E+01  
       3.756E+01   3.758E+01   3.760E+01   3.762E+01   3.764E+01   3.766E+01  
       3.768E+01   3.770E+01   3.772E+01   3.774E+01   3.776E+01   3.778E+01  
       3.780E+01   3.782E+01   3.784E+01   3.786E+01   3.788E+01   3.790E+01  
       3.792E+01   3.794E+01   3.796E+01   3.798E+01   3.800E+01   3.802E+01  
       3.804E+01   3.806E+01   3.808E+01   3.810E+01   3.812E+01   3.814E+01  
       3.816E+01   3.818E+01   3.820E+01   3.822E+01   3.824E+01   3.826E+01  
       3.828E+01   3.830E+01   3.832E+01   3.834E+01   3.836E+01   3.838E+01  
       3.840E+01   3.842E+01   3.844E+01   3.846E+01   3.848E+01   3.850E+01  
       3.852E+01   3.854E+01   3.856E+01   3.858E+01   3.860E+01   3.862E+01  
       3.864E+01   3.866E+01   3.868E+01   3.870E+01   3.872E+01   3.874E+01  
       3.876E+01   3.878E+01   3.880E+01   3.882E+01   3.884E+01   3.886E+01  
       3.888E+01   3.890E+01   3.892E+01   3.894E+01   3.896E+01   3.898E+01  
       3.900E+01   3.902E+01   3.904E+01   3.906E+01   3.908E+01   3.910E+01  
       3.912E+01   3.914E+01   3.916E+01   3.918E+01   3.920E+01   3.922E+01  
       3.924E+01   3.926E+01   3.928E+01   3.930E+01   3.932E+01   3.934E+01  
       3.936E+01   3.938E+01   3.940E+01   3.942E+01   3.944E+01   3.946E+01  
       3.948E+01   3.950E+01   3.952E+01   3.954E+01   3.956E+01   3.958E+01  
       3.960E+01   3.962E+01   3.964E+01   3.966E+01   3.968E+01   3.970E+01  
       3.972E+01   3.974E+01   3.976E+01   3.978E+01   3.980E+01   3.982E+01  
       3.984E+01   3.986E+01   3.988E+01   3.990E+01   3.992E+01   3.994E+01  
       3.996E+01   3.998E+01   4.000E+01   4.002E+01   4.004E+01   4.006E+01  
       4.008E+01   4.010E+01   4.012E+01   4.014E+01   4.016E+01   4.018E+01  
       4.020E+01   4.022E+01   4.024E+01   4.026E+01   4.028E+01   4.030E+01  
       4.032E+01   4.034E+01   4.036E+01   4.038E+01   4.040E+01   4.042E+01  
       4.044E+01   4.046E+01   4.048E+01   4.050E+01   4.052E+01   4.054E+01  
       4.056E+01   4.058E+01   4.060E+01   4.062E+01   4.064E+01   4.066E+01  
       4.068E+01   4.070E+01   4.072E+01   4.074E+01   4.076E+01   4.078E+01  
       4.080E+01   4.082E+01   4.084E+01   4.086E+01   4.088E+01   4.090E+01  
       4.092E+01   4.094E+01   4.096E+01   4.098E+01   4.100E+01   4.102E+01  
       4.104E+01   4.106E+01   4.108E+01   4.110E+01   4.112E+01   4.114E+01  
       4.116E+01   4.118E+01   4.120E+01   4.122E+01   4.124E+01   4.126E+01  
       4.128E+01   4.130E+01   4.132E+01   4.134E+01   4.136E+01   4.138E+01  
       4.140E+01   4.142E+01   4.144E+01   4.146E+01   4.148E+01   4.150E+01  
       4.152E+01   4.154E+01   4.156E+01   4.158E+01   4.160E+01   4.162E+01  
       4.164E+01   4.166E+01   4.168E+01   4.170E+01   4.172E+01   4.174E+01  
       4.176E+01   4.178E+01   4.180E+01   4.182E+01   4.184E+01   4.186E+01  
       4.188E+01   4.190E+01   4.192E+01   4.194E+01   4.196E+01   4.198E+01  
       4.200E+01   4.202E+01   4.204E+01   4.206E+01   4.208E+01   4.210E+01  
       4.212E+01   4.214E+01   4.216E+01   4.218E+01   4.220E+01   4.222E+01  
       4.224E+01   4.226E+01   4.228E+01   4.230E+01   4.232E+01   4.234E+01  
       4.236E+01   4.238E+01   4.240E+01   4.242E+01   4.244E+01   4.246E+01  
       4.248E+01   4.250E+01   4.252E+01   4.254E+01   4.256E+01   4.258E+01  
       4.260E+01   4.262E+01   4.264E+01   4.266E+01   4.268E+01   4.270E+01  
       4.272E+01   4.274E+01   4.276E+01   4.278E+01   4.280E+01   4.282E+01  
       4.284E+01   4.286E+01   4.288E+01   4.290E+01   4.292E+01   4.294E+01  
       4.296E+01   4.298E+01   4.300E+01   4.302E+01   4.304E+01   4.306E+01  
       4.308E+01   4.310E+01   4.312E+01   4.314E+01   4.316E+01   4.318E+01  
       4.320E+01   4.322E+01   4.324E+01   4.326E+01   4.328E+01   4.330E+01  
       4.332E+01   4.334E+01   4.336E+01   4.338E+01   4.340E+01   4.342E+01  
       4.344E+01   4.346E+01   4.348E+01   4.350E+01   4.352E+01   4.354E+01  
       4.356E+01   4.358E+01   4.360E+01   4.362E+01   4.364E+01   4.366E+01  
       4.368E+01   4.370E+01   4.372E+01   4.374E+01   4.376E+01   4.378E+01  
       4.380E+01   4.382E+01   4.384E+01   4.386E+01   4.388E+01   4.390E+01  
       4.392E+01   4.394E+01   4.396E+01   4.398E+01   4.400E+01   4.402E+01  
       4.404E+01   4.406E+01   4.408E+01   4.410E+01   4.412E+01   4.414E+01  
       4.416E+01   4.418E+01   4.420E+01   4.422E+01   4.424E+01   4.426E+01  
       4.428E+01   4.430E+01   4.432E+01   4.434E+01   4.436E+01   4.438E+01  
       4.440E+01   4.442E+01   4.444E+01   4.446E+01   4.448E+01   4.450E+01  
       4.452E+01   4.454E+01   4.456E+01   4.458E+01   4.460E+01   4.462E+01  
       4.464E+01   4.466E+01   4.468E+01   4.470E+01   4.472E+01   4.474E+01  
       4.476E+01   4.478E+01   4.480E+01   4.482E+01   4.484E+01   4.486E+01  
       4.488E+01   4.490E+01   4.492E+01   4.494E+01   4.496E+01   4.498E+01  
       4.500E+01   4.502E+01   4.504E+01   4.506E+01   4.508E+01   4.510E+01  
       4.512E+01   4.514E+01   4.516E+01   4.518E+01   4.520E+01   4.522E+01  
       4.524E+01   4.526E+01   4.528E+01   4.530E+01   4.532E+01   4.534E+01  
       4.536E+01   4.538E+01   4.540E+01   4.542E+01   4.544E+01   4.546E+01  
       4.548E+01   4.550E+01   4.552E+01   4.554E+01   4.556E+01   4.558E+01  
       4.560E+01   4.562E+01   4.564E+01   4.566E+01   4.568E+01   4.570E+01  
       4.572E+01   4.574E+01   4.576E+01   4.578E+01   4.580E+01   4.582E+01  
       4.584E+01   4.586E+01   4.588E+01   4.590E+01   4.592E+01   4.594E+01  
       4.596E+01   4.598E+01   4.600E+01   4.602E+01   4.604E+01   4.606E+01  
       4.608E+01   4.610E+01   4.612E+01   4.614E+01   4.616E+01   4.618E+01  
       4.620E+01   4.622E+01   4.624E+01   4.626E+01   4.628E+01   4.630E+01  
       4.632E+01   4.634E+01   4.636E+01   4.638E+01   4.640E+01   4.642E+01  
       4.644E+01   4.646E+01   4.648E+01   4.650E+01   4.652E+01   4.654E+01  
       4.656E+01   4.658E+01   4.660E+01   4.662E+01   4.664E+01   4.666E+01  
       4.668E+01   4.670E+01   4.672E+01   4.674E+01   4.676E+01   4.678E+01  
       4.680E+01   4.682E+01   4.684E+01   4.686E+01   4.688E+01   4.690E+01  
       4.692E+01   4.694E+01   4.696E+01   4.698E+01   4.700E+01   4.702E+01  
       4.704E+01   4.706E+01   4.708E+01   4.710E+01   4.712E+01   4.714E+01  
       4.716E+01   4.718E+01   4.720E+01   4.722E+01   4.724E+01   4.726E+01  
       4.728E+01   4.730E+01   4.732E+01   4.734E+01   4.736E+01   4.738E+01  
       4.740E+01   4.742E+01   4.744E+01   4.746E+01   4.748E+01   4.750E+01  
       4.752E+01   4.754E+01   4.756E+01   4.758E+01   4.760E+01   4.762E+01  
       4.764E+01   4.766E+01   4.768E+01   4.770E+01   4.772E+01   4.774E+01  
       4.776E+01   4.778E+01   4.780E+01   4.782E+01   4.784E+01   4.786E+01  
       4.788E+01   4.790E+01   4.792E+01   4.794E+01   4.796E+01   4.798E+01  
       4.800E+01   4.802E+01   4.804E+01   4.806E+01   4.808E+01   4.810E+01  
       4.812E+01   4.814E+01   4.816E+01   4.818E+01   4.820E+01   4.822E+01  
       4.824E+01   4.826E+01   4.828E+01   4.830E+01   4.832E+01   4.834E+01  
       4.836E+01   4.838E+01   4.840E+01   4.842E+01   4.844E+01   4.846E+01  
       4.848E+01   4.850E+01   4.852E+01   4.854E+01   4.856E+01   4.858E+01  
       4.860E+01   4.862E+01   4.864E+01   4.866E+01   4.868E+01   4.870E+01  
       4.872E+01   4.874E+01   4.876E+01   4.878E+01   4.880E+01   4.882E+01  
       4.884E+01   4.886E+01   4.888E+01   4.890E+01   4.892E+01   4.894E+01  
       4.896E+01   4.898E+01   4.900E+01   4.902E+01   4.904E+01   4.906E+01  
       4.908E+01   4.910E+01   4.912E+01   4.914E+01   4.916E+01   4.918E+01  
       4.920E+01   4.922E+01   4.924E+01   4.926E+01   4.928E+01   4.930E+01  
       4.932E+01   4.934E+01   4.936E+01   4.938E+01   4.940E+01   4.942E+01  
       4.944E+01   4.946E+01   4.948E+01   4.950E+01   4.952E+01   4.954E+01  
       4.956E+01   4.958E+01   4.960E+01   4.962E+01   4.964E+01   4.966E+01  
       4.968E+01   4.970E+01   4.972E+01   4.974E+01   4.976E+01   4.978E+01  
       4.980E+01   4.982E+01   4.984E+01   4.986E+01   4.988E+01   4.990E+01  
       4.992E+01   4.994E+01   4.996E+01   4.998E+01   5.000E+01   5.002E+01  
       5.004E+01   5.006E+01   5.008E+01   5.010E+01   5.012E+01   5.014E+01  
       5.016E+01   5.018E+01   5.020E+01   5.022E+01   5.024E+01   5.026E+01  
       5.028E+01   5.030E+01   5.032E+01   5.034E+01   5.036E+01   5.038E+01  
       5.040E+01   5.042E+01   5.044E+01   5.046E+01   5.048E+01   5.050E+01  
       5.052E+01   5.054E+01   5.056E+01   5.058E+01   5.060E+01   5.062E+01  
       5.064E+01   5.066E+01   5.068E+01   5.070E+01   5.072E+01   5.074E+01  
       5.076E+01   5.078E+01   5.080E+01   5.082E+01   5.084E+01   5.086E+01  
       5.088E+01   5.090E+01   5.092E+01   5.094E+01   5.096E+01   5.098E+01  
       5.100E+01   5.102E+01   5.104E+01   5.106E+01   5.108E+01   5.110E+01  
       5.112E+01   5.114E+01   5.116E+01   5.118E+01   5.120E+01   5.122E+01  
       5.124E+01   5.126E+01   5.128E+01   5.130E+01   5.132E+01   5.134E+01  
       5.136E+01   5.138E+01   5.140E+01   5.142E+01   5.144E+01   5.146E+01  
       5.148E+01   5.150E+01   5.152E+01   5.154E+01   5.156E+01   5.158E+01  
       5.160E+01   5.162E+01   5.164E+01   5.166E+01   5.168E+01   5.170E+01  
       5.172E+01   5.174E+01   5.176E+01   5.178E+01   5.180E+01   5.182E+01  
       5.184E+01   5.186E+01   5.188E+01   5.190E+01   5.192E+01   5.194E+01  
       5.196E+01   5.198E+01   5.200E+01   5.202E+01   5.204E+01   5.206E+01  
       5.208E+01   5.210E+01   5.212E+01   5.214E+01   5.216E+01   5.218E+01  
       5.220E+01   5.222E+01   5.224E+01   5.226E+01   5.228E+01   5.230E+01  
       5.232E+01   5.234E+01   5.236E+01   5.238E+01   5.240E+01   5.242E+01  
       5.244E+01   5.246E+01   5.248E+01   5.250E+01   5.252E+01   5.254E+01  
       5.256E+01   5.258E+01   5.260E+01   5.262E+01   5.264E+01   5.266E+01  
       5.268E+01   5.270E+01   5.272E+01   5.274E+01   5.276E+01   5.278E+01  
       5.280E+01   5.282E+01   5.284E+01   5.286E+01   5.288E+01   5.290E+01  
       5.292E+01   5.294E+01   5.296E+01   5.298E+01   5.300E+01   5.302E+01  
       5.304E+01   5.306E+01   5.308E+01   5.310E+01   5.312E+01   5.314E+01  
       5.316E+01   5.318E+01   5.320E+01   5.322E+01   5.324E+01   5.326E+01  
       5.328E+01   5.330E+01   5.332E+01   5.334E+01   5.336E+01   5.338E+01  
       5.340E+01   5.342E+01   5.344E+01   5.346E+01   5.348E+01   5.350E+01  
       5.352E+01   5.354E+01   5.356E+01   5.358E+01   5.360E+01   5.362E+01  
       5.364E+01   5.366E+01   5.368E+01   5.370E+01   5.372E+01   5.374E+01 /
FACTOR -1.4275799E-03   -1.1012760E-02   -1.0298970E-02   -8.9733599E-03  
       -9.6871497E-03   -1.2236400E-02   -1.4479739E-02   -1.3052160E-02  
       -1.1216700E-02   -8.6674497E-03   -8.6674497E-03   -1.3358070E-02  
       -1.7946720E-02   -1.9782179E-02   -1.6519140E-02   -1.4683679E-02  
       -1.1012760E-02   -8.3615395E-03   -4.2827397E-03   -6.7300197E-03  
       -1.3358070E-02   -1.9374299E-02   -1.9986120E-02   -6.7300197E-03  
        3.0590999E-03    1.4377770E-02   -4.9965299E-03   -1.3052160E-02  
       -1.4683679E-02   -2.0699909E-02   -2.6512199E-02   -3.3140249E-02  
       -3.1202819E-02   -1.7538840E-02   -2.0088090E-02   -1.6621109E-02  
       -1.6723079E-02   -6.8319896E-03    2.5492499E-03    1.5295499E-02  
        2.4064920E-02    2.5696440E-02    3.4261917E-02    4.7212108E-02  
        5.0169239E-02    4.2725430E-02    3.6607230E-02    2.7633869E-02  
        2.3962949E-02    3.4567830E-02    4.2011639E-02    5.4044098E-02  
        6.5158829E-02    7.4642034E-02    6.6484435E-02    6.1080029E-02  
        4.0787999E-02    4.0787999E-02    6.4241100E-03   -5.2514548E-02  
       -8.0250384E-02   -6.1487907E-02   -4.9353480E-02   -2.5492499E-02  
       -6.0162299E-03    1.3663979E-02    3.1406758E-02    5.0883030E-02  
        7.2398697E-02    1.0146015E-01    1.2440340E-01    1.5601409E-01  
        1.4785649E-01    1.1828520E-01    9.5341947E-02    9.0957234E-02  
        9.4424215E-02    8.5552829E-02    9.1874965E-02    1.0125621E-01  
        1.2338370E-01    3.3446158E-02   -1.5091559E-01   -2.1107789E-01  
       -2.0292029E-01   -2.0699909E-01   -1.8558539E-01   -1.7640809E-01  
       -1.7844749E-01   -1.7844749E-01   -1.8456569E-01   -1.6621109E-01  
       -1.3765950E-01   -1.1114730E-01   -7.9740534E-02   -4.3745130E-02  
       -1.7334900E-03    3.6709199E-02    8.0046447E-02    1.1828520E-01  
        1.6315199E-01    1.9986119E-01    2.4574769E-01    2.7837809E-01  
        3.0998879E-01    3.2630399E-01    3.4873739E-01    2.8755539E-01  
        2.3657039E-01   -1.2236400E-01   -2.4166889E-01   -1.6723079E-01  
       -1.9068389E-01   -1.1216700E-01   -7.6783410E-02   -1.7640809E-02  
        1.1522610E-02    5.4350007E-02    9.1263147E-02    1.2134430E-01  
        1.7946719E-01    5.8734716E-02   -2.6818109E-01   -1.5805349E-01  
       -1.7640809E-01   -1.0298970E-01   -5.9040630E-02    2.4166890E-02  
       -6.8319898E-02   -2.0190059E-01   -1.6723079E-01   -1.7232929E-01  
       -1.5091559E-01   -1.2542310E-01   -1.0197000E-01   -7.6579466E-02  
       -5.3330307E-02   -2.7633869E-02   -4.4866799E-03    1.9170359E-02  
       -9.6871497E-03   -4.4153008E-02   -8.5450860E-02   -9.6973465E-02  
       -7.3010516E-02   -6.1080029E-02   -3.4057980E-02   -1.1012760E-02  
        1.8864449E-02    4.2827399E-02    6.8625811E-02   -9.8910895E-03  
       -3.7932839E-02   -4.0787999E-03    1.1216700E-03    3.5077680E-02  
        5.7613048E-02    9.0039510E-02    1.1522610E-01    1.3867920E-01  
        2.2331429E-02    2.4574770E-02    6.9645511E-02    7.0257329E-02  
        1.3460040E-01    1.3765950E-01    2.0801879E-01   -9.4934065E-02  
       -1.3358070E-01   -7.0563234E-02   -5.5675617E-02    7.3418396E-03  
        6.8829748E-02   -1.0910790E-01   -1.5193529E-01   -1.0910790E-01  
       -1.1828520E-01   -7.7701134E-02   -5.7001230E-02   -2.1923549E-02  
       -1.2848220E-02   -6.8727779E-02   -3.3038280E-02   -3.4363890E-02  
       -1.1114729E-02    1.7334900E-03    3.0489029E-02    4.9761357E-02  
        6.1997757E-02    2.2637340E-02   -3.2630399E-03   -2.4982649E-02  
        7.8516895E-03    2.1515670E-02    5.7918957E-02    8.4227216E-02  
        1.2338370E-01    1.5091559E-01    1.7742779E-01    4.2929367E-02  
        2.9571300E-03    2.6410229E-02    2.9877208E-02   -5.6083498E-03  
       -1.4989589E-02    1.4581710E-02    2.1005820E-02    5.0883030E-02  
        6.5770648E-02    9.7585284E-02    1.1522610E-01    1.4785649E-01  
        1.6621109E-01    1.9884149E-01    1.8966419E-01    2.0190059E-01  
        1.8048689E-01    1.2746250E-01   -1.2338370E-01   -5.5267739E-02  
       -3.9156480E-02   -3.1712669E-02   -1.1420640E-01   -1.6927019E-01  
       -2.5084619E-01   -2.0699909E-01   -1.8762479E-01   -1.3460040E-01  
       -9.7891197E-02   -3.3140249E-02    1.5703379E-02    8.3207516E-02  
        1.3460040E-01    1.8558539E-01   -5.9142600E-03   -1.7232929E-02  
        2.9061449E-02    4.5580589E-02    1.0023651E-01    1.4479739E-01  
        1.8864449E-01    2.5084619E-01    1.7232929E-01   -1.4071860E-01  
       -1.0186803E-01   -1.1114730E-01   -9.2486784E-02   -4.7823930E-02  
       -1.2746250E-01   -2.1515669E-01   -1.6519139E-01   -1.7232929E-01  
       -1.3358070E-01   -1.1318670E-01   -7.8822810E-02   -5.2004698E-02  
       -5.5471680E-02   -1.2236400E-01   -1.2338370E-01   -1.1828520E-01  
       -1.1726550E-01   -7.3112484E-02   -5.5675617E-02    6.5260799E-03  
       -8.1983879E-02   -1.6621109E-01   -8.7592229E-02   -9.7993165E-02  
       -4.0380117E-02   -1.4989589E-02    3.2528428E-02    6.6076561E-02  
        8.9325715E-02    4.8129839E-02    2.0190059E-02   -2.7531900E-03  
        2.9775240E-02    4.5376648E-02    8.0046447E-02    1.0502910E-01  
        1.3765950E-01    1.6417169E-01    1.8966419E-01    1.3052160E-01  
        6.5260798E-02    2.0801879E-02    3.2018579E-02    3.8034808E-02  
        5.0577117E-02    2.3962949E-02   -8.5654793E-03   -1.7130959E-02  
       -1.1522610E-02   -2.3351129E-02   -2.5288558E-02   -1.6009289E-02  
       -7.0359299E-03    1.4989589E-02    3.8646630E-02    5.9040630E-02  
        2.6002349E-02   -4.1807698E-03   -4.3643158E-02   -1.3562010E-02  
        9.6871497E-03    2.3453099E-02   -1.3154129E-02   -5.0984998E-03  
        8.1575997E-03    2.1413699E-02    3.8748599E-02    5.2004698E-02  
        1.6009289E-02   -3.2630399E-03   -1.1318670E-02    5.0984998E-04  
        7.7497196E-03    3.5689499E-03   -9.6871497E-03   -3.6709198E-03  
       -1.6315200E-03    3.8748598E-03    8.6674497E-03   -5.7103197E-03  
       -3.0998879E-02   -4.2929367E-02   -2.4880679E-02   -2.4064920E-02  
       -1.8048690E-02   -1.3154129E-02   -1.8354599E-03    2.0699909E-02  
       -1.1012760E-02   -9.2792701E-03   -3.4669800E-03   -1.0808820E-02  
       -1.1318670E-02   -1.0095029E-02   -2.0394000E-04    7.4438099E-03  
        2.3962949E-02    3.6199349E-02    7.1888848E-02    7.9434629E-02  
        1.8762479E-02   -2.6818108E-02   -1.2644279E-02   -4.2827397E-03  
        1.6213229E-02    4.8945600E-03   -2.2331429E-02   -4.7619989E-02  
       -4.3643158E-02   -2.2025520E-02   -4.3847100E-03    1.6213229E-02  
        3.2630399E-02    4.2725430E-02    1.2542310E-02   -1.6315199E-02  
       -2.0801879E-02   -8.3615395E-03   -2.1005820E-02   -1.3969889E-02  
       -5.6083498E-03    5.4044100E-03    1.3663979E-02    2.7124019E-02  
        2.3657040E-02    8.0556298E-03   -8.1575998E-04    2.0393999E-02  
        4.4356948E-02    5.0169239E-02    1.9476270E-02    9.3812395E-03  
       -2.2433400E-03   -2.1413698E-03    5.3024396E-03    9.4832099E-03  
        2.6002349E-02    3.7524958E-02    5.3534248E-02    5.5165767E-02  
        4.3337248E-02    4.0584058E-02    5.7001230E-02    7.7089316E-02  
        3.7219049E-02    4.1909667E-02    9.9930598E-03   -2.0801879E-02  
       -2.5390529E-02   -4.1297849E-02   -4.2113608E-02   -4.8027867E-02  
       -4.4153008E-02   -4.6702258E-02   -5.8122896E-03    1.8150659E-02  
       -2.1209758E-02   -5.0169239E-02   -5.4044098E-02   -3.6913139E-02  
       -4.1297849E-02   -3.1406758E-02   -3.2222519E-02   -2.7022049E-02  
       -2.7022049E-02   -2.7429929E-02   -3.5179649E-02   -3.1508729E-02  
       -2.2127490E-02   -7.9536599E-03    8.8713895E-03    2.8653569E-02  
        3.1610699E-02    3.6505258E-02    3.4771767E-02    3.6505258E-02  
        2.9265390E-02    3.1100849E-02    1.1420639E-02    2.1821579E-02  
        1.3867920E-02    3.9156480E-02   -8.7796165E-02   -1.3765950E-01  
       -1.3663980E-01   -1.3765950E-01   -1.2134430E-01   -1.0604880E-01  
       -8.4533129E-02   -6.6382466E-02   -4.5274680E-02   -2.6308258E-02  
       -6.1181998E-03   -9.2792701E-03   -1.8558540E-02   -1.4989589E-02  
        8.6674497E-03    1.6621109E-02    5.0984998E-03    2.6920079E-02  
        5.9346539E-02    8.8407984E-02    1.2236400E-01    1.7334899E-01  
        1.1318670E-01   -1.1216700E-01   -3.7321017E-02   -4.5376648E-02  
       -2.4064920E-02   -9.7891197E-02   -6.6892316E-02   -6.0876089E-02  
       -6.8319898E-02   -5.6287439E-02   -2.7531900E-03    3.8544658E-02  
        1.0910790E-01    1.7028989E-01    9.6565584E-02    4.1603758E-02  
        6.8013985E-02    1.3460039E-02   -9.6871497E-03   -5.3024398E-02  
       -8.4329184E-02   -1.1726550E-01   -1.1726550E-01   -8.1881910E-02  
       -3.7626930E-02    2.9571300E-03    5.5573648E-02    1.2032460E-01  
        1.6417169E-01   -2.7531899E-02    3.4669800E-03   -5.7103197E-03  
        2.0393999E-03    1.4887620E-02    5.4757889E-02    8.1372060E-02  
       -2.0903849E-02   -6.0162298E-02   -1.7232929E-02   -1.7844749E-02  
       -2.8551599E-03    7.5457798E-03    3.8952539E-02    5.7816989E-02  
        7.6783410E-02    8.1677966E-02    6.0366239E-02    3.0998879E-02  
        2.3453099E-03    6.5260799E-03   -4.1399817E-02   -4.5988467E-02  
       -8.0556298E-03    1.7130959E-02    5.7816989E-02    9.4832099E-03  
       -5.6083498E-03    4.4866799E-03   -1.2542310E-02   -2.8755540E-02  
       -4.4560889E-02   -3.5893440E-02   -2.6002349E-02   -1.1318670E-02  
        2.0903849E-02    5.2922430E-02    8.7082379E-02    1.1624580E-01  
        7.4744011E-02    2.4166890E-02   -3.7524958E-02   -2.7633869E-02  
       -2.2127490E-02   -8.9019810E-02   -9.9216810E-02   -6.0060329E-02  
       -3.4261917E-02    7.8516895E-03    2.6410229E-02    5.1800757E-02  
        3.6811167E-02    8.2595701E-03   -5.7103197E-03   -2.1311729E-02  
       -3.2324490E-02   -2.4268858E-02   -3.8340717E-02   -5.6083498E-02  
       -7.3622334E-02   -8.1881910E-02   -5.3330307E-02   -3.4669799E-02  
       -1.1216700E-03    6.6280498E-03   -3.7728899E-03   -5.0984998E-04  
       -1.7130959E-02   -4.1807699E-02   -8.1575997E-03    8.0556298E-03  
        3.8136780E-02    6.2711548E-02    6.7810048E-02    2.5900379E-02  
       -5.8122896E-03   -4.8333780E-02   -3.6301317E-02   -2.4778708E-02  
       -4.8945600E-03    1.2848220E-02    3.8646630E-02    2.4574770E-02  
       -2.3147190E-02   -4.3643158E-02   -6.9237629E-02   -6.7402166E-02  
       -6.0162298E-02   -5.2310607E-02   -4.1603758E-02   -3.1508729E-02  
       -2.7124019E-02   -5.5165767E-02   -6.4037157E-02   -9.2588760E-02  
       -1.1318670E-01   -8.9835565E-02   -7.8516897E-02   -5.9346539E-02  
       -4.8231808E-02   -3.3956008E-02   -2.0292029E-02    2.0393999E-03  
        2.1515670E-02    4.4051039E-02    6.2507607E-02    7.8210984E-02  
        9.5138010E-02    1.0910790E-01    1.1522610E-01    1.2134430E-01  
        1.2746250E-01    1.3562010E-01    1.6213229E-01    1.8354599E-01  
        2.0801879E-01    1.2644280E-01    4.5070739E-02   -1.4275800E-02  
       -6.7912016E-02   -5.6593348E-02   -7.0665211E-02   -1.0033848E-01  
       -1.2746250E-01   -1.2032460E-01   -1.0706850E-01   -9.3812397E-02  
       -7.5763710E-02   -8.2493729E-02   -8.6674497E-02   -8.7694197E-02  
       -8.8000110E-02   -8.9019810E-02   -8.8509960E-02   -9.0243447E-02  
       -5.4757889E-02    5.3024396E-03    2.1923549E-02    2.4982649E-02  
        5.9142598E-02    3.2018579E-02    2.4064920E-02    4.9455448E-02  
        6.0060329E-02    5.3534248E-02    3.6199349E-02    2.0088090E-02  
        2.0292029E-02    5.0169239E-02    3.4975708E-02    2.9367358E-02  
        4.4051039E-02    2.4370829E-02    8.9733599E-03    7.8516895E-03  
       -1.5091560E-02   -7.8516895E-03   -1.9374299E-03    7.6477497E-03  
        4.4866799E-03   -1.4785649E-02   -3.2222519E-02   -2.4574770E-02  
       -2.8551599E-03    1.8558540E-02    4.3439217E-02    4.4764830E-02  
        5.2208639E-02    4.7518017E-02    4.8843630E-02    1.9680209E-02  
        2.2637340E-02    2.7939779E-02    4.0074208E-02    5.1392880E-02  
        5.8836689E-02    5.9958357E-02    8.3819334E-02    8.1270084E-02  
        9.6769528E-02    3.5179649E-02    4.5886498E-03   -1.2542310E-02  
       -3.5383590E-02   -4.3439217E-02   -4.2419517E-02   -2.8041749E-02  
       -2.7531899E-02    7.5457798E-03    4.3643158E-02   -2.3555070E-02  
       -3.9462389E-02   -8.4635099E-03    1.4173829E-02    4.5376648E-02  
        2.7531900E-03   -7.1073084E-02   -8.1168116E-02   -2.5594470E-02  
       -1.3765950E-02    8.0556298E-03   -1.1726550E-02   -2.5594470E-02  
       -3.3956008E-02   -2.7429929E-02   -3.0692969E-02   -2.0393999E-02  
       -6.8319896E-03   -3.8748598E-03    1.0706850E-02    3.0183119E-02  
        3.5077680E-02    9.7585284E-02    9.1569060E-02    1.8252629E-02  
       -3.6913139E-02   -1.0135818E-01   -8.2289784E-02   -7.5865679E-02  
       -5.4961830E-02   -3.3650099E-02   -1.3052160E-02    3.1610698E-03  
        1.5091560E-02    5.1800757E-02   -2.2433400E-03   -4.9863330E-02  
       -3.6505258E-02   -7.0461266E-02   -5.2616517E-02   -3.7830867E-02  
        8.9733599E-03    6.4445039E-02    8.5756765E-02    1.3052160E-01  
        1.4173830E-01    1.2134430E-01    7.6579466E-02    2.2943249E-02  
       -8.9733599E-03   -2.3147190E-02    7.5457798E-03    1.8456570E-02  
        5.5471680E-02    4.0686030E-02    4.5886498E-03   -8.3615395E-03  
       -1.8864449E-02   -2.0393999E-03    6.1182000E-04   -1.1930489E-02  
       -2.1413699E-02   -3.0896908E-02   -5.2208639E-02   -7.4132184E-02  
       -5.9040630E-02   -2.7124019E-02   -1.8150659E-02    4.0787999E-03  
        9.9930598E-03    1.3969889E-02    2.2535370E-02    4.4560889E-02  
        9.2792701E-03   -5.5879557E-02   -5.6593348E-02   -2.4778708E-02  
       -8.2595701E-03    2.5492499E-02    4.1807699E-02    1.8558540E-02  
       -2.7531900E-03   -2.4778708E-02   -1.5295499E-03    2.5186590E-02  
        4.9149539E-02    7.9842510E-02    6.3425339E-02    3.3752067E-02  
       -1.4275799E-03   -1.9884149E-02   -2.5186590E-02   -2.1617640E-02  
       -1.1216700E-02    5.0984998E-03    2.4574770E-02   -3.4669800E-03  
       -2.2025520E-02   -4.8027867E-02   -3.7015108E-02   -1.9884149E-02  
       -1.8354599E-03    1.7334899E-02   -8.1575997E-03    5.0984998E-04  
        2.3453099E-02    3.8136780E-02    6.1283966E-02    5.2616517E-02  
        4.4051039E-02    3.5077680E-02    5.1494848E-02    6.6586411E-02  
        6.9645511E-02    1.7538840E-02   -1.7334899E-02   -5.3738189E-02  
       -6.7708079E-02   -3.9462389E-02   -2.2637340E-02   -3.3650098E-03  
        1.2134429E-02   -1.3052160E-02   -3.5791467E-02   -5.2412580E-02  
       -3.4159949E-02   -2.2229458E-02   -1.2236400E-03    1.4479739E-02  
        7.1378998E-03   -6.4241100E-03   -1.2236400E-02   -3.2834340E-02  
       -3.5281617E-02   -9.2792701E-03    7.4438099E-03    3.1508729E-02  
        4.8129839E-02    6.1487907E-02    5.8734716E-02    3.3650099E-02  
       -7.4438099E-03   -7.9230684E-02   -6.1997757E-02   -4.4662858E-02  
       -2.1311729E-02    3.1610698E-03    3.5689499E-02    2.9877208E-02  
        1.2338370E-02    3.4465858E-02    3.2324490E-02    2.5900379E-02  
        2.1005820E-02    2.0190059E-02    1.7742779E-02    2.1413698E-03  
       -1.4683679E-02   -3.4975708E-02   -3.4567830E-02   -1.4785649E-02  
       -2.8551599E-03    1.7334899E-02   -9.7891200E-03   -2.6002349E-02  
       -2.8449629E-02   -3.9564358E-02   -2.4676740E-02   -2.1923549E-02  
       -1.8558540E-02   -1.7742779E-02   -3.8748598E-03   -2.7531900E-03  
       -1.8864449E-02   -1.2542310E-02    8.8713895E-03    3.4975708E-02  
        7.0869148E-02    9.2792697E-02    8.6980410E-02    7.7497197E-02  
        5.2310607E-02    1.8966420E-02    1.5295499E-03   -1.9374299E-02  
       -1.5397470E-02   -7.4438099E-03    2.1413698E-03    1.3154129E-02  
        2.1923549E-02    2.4472800E-03   -1.2644279E-02   -3.3548130E-02  
       -5.2922430E-02   -7.2194761E-02   -5.9040630E-02   -4.7110139E-02  
       -3.1304790E-02   -1.4785649E-02   -9.1772994E-04   -1.8354599E-02  
       -3.2426458E-02   -4.7416048E-02   -3.9870267E-02   -3.5179649E-02  
       -3.2222519E-02   -4.4356948E-02   -5.0067267E-02   -4.8435748E-02  
       -4.2827399E-02   -3.6811167E-02   -2.8245690E-02   -2.6308258E-02  
       -1.4173829E-02   -6.9339600E-03    5.1698789E-02    7.3622334E-02  
        8.9529660E-02    7.9740534E-02    7.8007047E-02    4.4764830E-02  
        8.1575997E-03    1.3256099E-03   -1.2848220E-02   -1.5295499E-03  
        3.0590999E-03    1.0604879E-02    1.0604879E-02    1.9680209E-02  
        2.0903849E-02    7.5457798E-03   -5.7103197E-03   -7.3418396E-03  
        7.1378998E-03    1.0808820E-02    1.4989589E-02   -9.1772994E-04  
       -1.6213229E-02   -1.9068390E-02   -7.1378996E-04    1.5805349E-02  
        1.0706850E-02   -1.1726550E-02   -3.0794940E-02   -3.1508729E-02  
       -9.6871497E-03   -5.9142600E-03    4.0787999E-04    2.0393999E-03  
        5.0984998E-03    5.8122896E-03    9.8910895E-03    1.3663979E-02  
        1.8048690E-02    2.2229458E-02    2.6614169E-02    3.0794940E-02  
        3.5281617E-02    3.9360417E-02    4.8333780E-02    4.0074208E-02  
        2.4268858E-02    1.1726550E-02   -8.0556298E-03   -1.2644279E-02  
        5.5063799E-03    2.7531900E-03   -2.5492499E-02   -5.7715016E-02  
       -6.4241098E-02   -6.0264266E-02   -4.2113608E-02   -6.9339600E-03  
        2.7735840E-02    2.8245690E-02   -2.1413698E-03   -6.1181998E-03  
       -1.1216700E-02   -2.2535370E-02   -4.2419517E-02   -5.2922430E-02  
       -2.2637340E-02    3.0590999E-03    8.0556298E-03    1.4173829E-02  
        1.7436870E-02    2.5798408E-02    3.2936308E-02    3.9870267E-02  
        1.6723079E-02   -1.3867920E-02   -3.2936308E-02   -2.9673269E-02  
       -2.9265390E-02   -3.0998879E-02   -3.4567830E-02   -2.4982649E-02  
       -7.7497196E-03    1.2746250E-02    3.8340717E-02    4.0991939E-02  
        2.4982649E-02    1.5907320E-02   -4.0787999E-03   -1.5601410E-02  
       -2.9469329E-02   -3.2222519E-02   -1.1318670E-02    9.5851793E-03  
        3.4159949E-02    5.8734716E-02    4.3235280E-02    1.4581710E-02  
       -7.1378996E-04   -1.3765950E-02   -2.7531899E-02   -3.4771767E-02  
       -3.6403290E-02   -4.0380117E-02   -4.0991939E-02   -4.9761357E-02  
       -4.8945598E-02   -4.1399817E-02   -4.1501789E-02   -3.5791467E-02  
       -1.9068390E-02   -5.8122896E-03    4.4866799E-03   -1.9374299E-03  
       -7.3418396E-03   -1.7232929E-02   -1.1726550E-02    1.2848220E-02  
        3.6505258E-02    6.6688379E-02    7.3010516E-02    7.7701134E-02  
        7.5355829E-02    6.4037157E-02    4.9353480E-02    2.6920079E-02  
       -4.4866799E-03   -2.9367358E-02   -3.9156480E-02   -5.0169239E-02  
       -4.3643158E-02   -4.2419517E-02   -2.8143719E-02   -5.3024396E-03  
        2.4166890E-02    4.3439217E-02    6.1589879E-02    4.6090439E-02  
        2.8959479E-02    1.2848220E-02   -5.5063799E-03   -2.8041749E-02  
       -4.3133308E-02   -1.7844749E-02    1.0197000E-04    2.5900379E-02  
        4.9047567E-02    6.5362766E-02    5.6491380E-02    4.2113608E-02  
        1.8762479E-02   -4.8945600E-03   -3.0896908E-02   -5.4146067E-02  
       -7.2194761E-02   -9.4628160E-02   -8.8000110E-02   -6.4343066E-02  
       -3.8340717E-02    8.8713895E-03    3.1508729E-02    6.0060329E-02  
        6.2609579E-02    3.9258449E-02    3.5791467E-02    3.1712669E-02  
        2.5084620E-02    1.9374299E-03   -2.0190059E-02   -1.6111260E-02  
       -1.5295499E-03    1.0095029E-02    2.9163419E-02    4.1603758E-02  
        5.7409107E-02    5.4146067E-02    3.2018579E-02    1.6825049E-02  
       -2.4472800E-03   -1.9272329E-02   -2.8143719E-02   -3.7830867E-02  
       -4.5886498E-02   -5.4451980E-02   -4.9251508E-02   -3.8646630E-02  
       -3.0183119E-02   -1.9986120E-02   -1.8762479E-02   -1.6213229E-02  
       -1.2134429E-02   -5.4044100E-03    2.0394000E-04    6.0162299E-03  
       -2.3453099E-03   -1.1420639E-02   -2.0903849E-02   -3.2834340E-02  
       -3.9564358E-02   -3.4771767E-02   -2.9265390E-02   -3.3446158E-02  
       -4.1501789E-02   -4.9659389E-02   -5.7409107E-02   -6.5668679E-02  
       -5.6593348E-02   -4.5478617E-02   -8.1575998E-04    2.5798408E-02  
        4.1909667E-02    6.5668679E-02    5.9040630E-02    4.8333780E-02  
        3.9156480E-02    3.9258449E-02    3.4669799E-02    3.6403290E-02  
        8.1575998E-04   -2.5900379E-02   -4.6906198E-02   -4.8027867E-02  
       -2.2637340E-02   -6.6280498E-03    1.6723079E-02    3.6199349E-02  
        5.1392880E-02    3.7830867E-02    2.8551599E-02    1.6111260E-02  
        4.1807698E-03   -2.7531900E-03    2.1413698E-03    4.4866799E-03  
        1.0095029E-02    1.3765950E-02    9.5851793E-03    5.9142600E-03  
        2.2433400E-03   -3.1610698E-03   -3.1610698E-03    4.0787999E-04  
       -2.5492499E-03   -1.2644279E-02   -2.3962949E-02   -4.1399817E-02  
       -5.4044098E-02   -7.1480966E-02   -3.2936308E-02   -5.3024396E-03  
        9.5851793E-03    3.3446158E-02    4.8741658E-02    5.1902730E-02  
        3.6505258E-02    3.4873740E-02    3.1202819E-02    2.9061449E-02  
        2.6818108E-02    1.7130959E-02   -5.0984998E-04   -2.1617640E-02  
       -3.7219049E-02   -3.1610699E-02   -3.0285090E-02   -2.8551599E-02  
       -2.4166890E-02   -2.7124019E-02   -3.1406758E-02   -3.7321017E-02  
       -3.6403290E-02   -3.1406758E-02   -1.9680209E-02    1.9374299E-03  
        1.9986120E-02    1.6315199E-02    1.3154129E-02    1.4275800E-02  
        1.1216700E-02    1.1012760E-02    9.3812395E-03    9.0753293E-03  
        1.9374299E-03   -1.3358070E-02   -2.5186590E-02   -4.4458917E-02  
       -4.4051039E-02   -3.0590999E-02   -1.9578240E-02   -4.8945600E-03  
        9.8910895E-03    1.7130959E-02    1.5091560E-02    1.7640809E-02  
        7.9536599E-03   -5.9142600E-03   -2.1923549E-02   -2.3860979E-02  
        6.1181998E-03    2.6716140E-02    2.7429929E-02    8.5654793E-03  
       -4.1807698E-03   -2.3147190E-02   -7.7497196E-03    3.1610698E-03  
        1.8558540E-02    3.1610699E-02    4.8843630E-02    4.6804230E-02  
        1.6927020E-02   -5.9142600E-03   -4.0380117E-02   -4.5274680E-02  
       -2.4574770E-02   -1.0298970E-02    2.2127490E-02    2.6614169E-02  
        1.2338370E-02    8.1575998E-04   -1.7130959E-02   -3.8952539E-02  
       -5.7715016E-02   -7.9638566E-02   -6.3119429E-02   -2.6104319E-02  
        4.4866799E-03    4.6498317E-02    7.9842510E-02    1.1216700E-01  
        9.7177410E-02    4.9863330E-02    1.2440339E-02   -3.9462389E-02  
       -8.6266615E-02   -1.2542310E-01   -8.8102079E-02   -6.2813516E-02  
       -2.3249158E-02    1.5295499E-02    4.8639689E-02    3.2936308E-02  
        2.5288558E-02    9.6871497E-03    2.3147190E-02    3.4465858E-02  
        5.1494848E-02    6.0570179E-02    5.2922430E-02    5.6287439E-02  
        6.0672148E-02    6.2915489E-02    6.0468207E-02    4.7518017E-02  
        1.6111260E-02   -7.8516895E-03   -2.3453099E-02   -3.0896908E-02  
       -3.3548130E-02   -3.7117080E-02   -4.9965298E-02   -6.7300198E-02  
       -7.3724311E-02   -7.9944479E-02   -8.6266615E-02   -5.7715016E-02  
       -2.1311729E-02    1.3052160E-02    3.8850567E-02    4.9761357E-02  
        3.7015108E-02    2.5492499E-02    1.6111260E-02    3.8442689E-02  
        6.0570179E-02    6.4241098E-02    3.7728899E-02    2.2127490E-02  
        4.0787999E-03    2.3453099E-03   -6.3221396E-03   -2.9163419E-02  
       -3.8748599E-02   -4.6600289E-02   -5.1494848E-02   -7.9230684E-02  
       -6.4037157E-02   -1.9272329E-02    1.9272329E-02    5.1902730E-02  
        7.5865679E-02    7.6375529E-02    5.7307139E-02    4.6396348E-02  
        5.3534248E-02    6.4750948E-02    7.4540066E-02    8.6776465E-02  
        9.4526184E-02    9.9420747E-02    9.4730128E-02    8.3003579E-02  
        2.6920079E-02   -2.9469329E-02   -9.1874965E-02   -1.3867920E-01  
       -8.7592229E-02   -4.7721958E-02    8.2595701E-03    6.0570179E-02  
        8.3921310E-02    5.6695316E-02    3.0692969E-02   -1.1216700E-03  
       -3.8748599E-02   -3.5383590E-02   -2.0393999E-03    1.8354599E-02  
        6.4547007E-02    1.0298970E-01    1.1420640E-01    1.1318670E-01  
        9.5851797E-02    8.2085847E-02    6.1997757E-02    5.1800757E-02  
        2.1005820E-02   -2.0495970E-02   -5.8326839E-02   -1.0400940E-01  
       -1.3562010E-01   -1.2542310E-01   -1.2338370E-01   -1.0298970E-01  
       -7.7701134E-02   -5.5879557E-02   -4.9863330E-02   -4.1297849E-02  
       -2.9673269E-02   -1.7946720E-02   -1.4377770E-02   -9.9930598E-03  
       -5.0984998E-03    1.9374299E-03    8.1575997E-03    3.5689499E-03  
       -2.9571300E-03   -6.2201697E-03   -3.4669800E-03   -1.3256099E-03  
        7.7497196E-03    2.0903849E-02    3.3344190E-02    4.5886498E-02  
        5.8836689E-02    5.7307139E-02    4.7314080E-02    3.0590999E-02  
        1.0910789E-02   -4.0787999E-04   -3.3650098E-03   -7.0359299E-03  
       -1.0298970E-02   -2.0495970E-02   -1.9170359E-02    2.5492499E-03  
        1.3663979E-02    2.4778708E-02    2.7124019E-02    2.7022049E-02  
        1.5805349E-02   -1.9374299E-03   -9.6871497E-03   -2.2025520E-02  
       -1.7028990E-02   -1.2236400E-02   -6.5260799E-03   -1.3154129E-02  
       -1.6621109E-02   -1.9680209E-02   -2.4676740E-02   -2.4064920E-02  
       -1.7844749E-02   -1.2644279E-02   -1.8864449E-02   -2.7022049E-02  
       -3.2936308E-02   -3.4261917E-02   -4.6294380E-02   -4.3847098E-02  
       -3.4057980E-02   -2.1719608E-02   -7.0359299E-03    3.0590999E-03  
        3.0591000E-04   -9.4832099E-03   -9.0753293E-03   -1.5295499E-02  
       -1.6723079E-02   -2.4268858E-02   -3.2936308E-02   -4.2929367E-02  
       -4.6600289E-02   -4.0482089E-02   -3.5587530E-02   -2.6308258E-02  
       -1.7538840E-02   -2.0393999E-03    1.5907320E-02    2.8959479E-02  
        3.6913139E-02    3.6097380E-02    2.7429929E-02    1.0298970E-02  
       -4.5886498E-03   -1.2746250E-02   -2.4982649E-02   -2.3351129E-02  
       -1.2848220E-02   -6.9339600E-03    1.8354599E-03    9.4832099E-03  
        2.0393999E-02    2.9163419E-02    3.7219049E-02    3.1712669E-02  
        1.8456570E-02    2.4472800E-03   -1.5907320E-02   -3.2528428E-02  
       -2.2331429E-02   -1.2032460E-02    1.5295499E-03    1.5601410E-02  
        3.0387058E-02    2.4778708E-02    1.3867920E-02    1.0400939E-02  
        2.4472800E-03   -1.0197000E-03   -2.3453099E-03   -3.6709198E-03  
       -4.8945600E-03   -9.0753293E-03   -1.5805349E-02   -1.5091560E-02  
       -7.7497196E-03    0.0000000E+00   -2.0393999E-03   -1.5091560E-02  
       -2.2943249E-02   -3.8136780E-02   -3.7219049E-02   -2.5594470E-02  
       -1.6723079E-02   -1.4275799E-03    1.5601410E-02    3.0794940E-02  
        4.0074208E-02    4.1399817E-02    3.9258449E-02    3.3548130E-02  
        1.8660509E-02    1.2746250E-02    7.1378998E-03   -1.0197000E-04  
       -6.9339600E-03   -1.3256100E-02   -1.3052160E-02   -1.1726550E-02  
       -1.0400939E-02   -8.5654793E-03   -1.4377770E-02   -2.0903849E-02  
       -2.7429929E-02   -3.5689499E-02   -3.6607230E-02   -3.0285090E-02  
       -2.3147190E-02    1.8354599E-03    1.0095029E-02    2.0699909E-02  
        2.6104319E-02    2.0292029E-02    1.6315199E-02    1.0910789E-02  
        1.5907320E-02    2.0190059E-02    2.4676740E-02    1.4377770E-02  
        5.6083498E-03   -6.7300197E-03   -9.8910895E-03   -2.6512198E-03  
        1.6315200E-03    1.0197000E-02    9.5851793E-03    3.9768300E-03  
        0.0000000E+00   -6.7300197E-03   -1.0095029E-02   -1.1114729E-02  
       -1.1726550E-02   -1.3358070E-02   -1.7130959E-02   -2.0292029E-02  
       -1.0604879E-02   -1.0197000E-03    5.6083498E-03    1.3154129E-02  
        2.0393999E-02    2.0292029E-02    1.7232929E-02    1.4581710E-02  
        1.1114729E-02    1.3052160E-02    1.5499439E-02    1.3969889E-02  
        1.1930489E-02    9.8910895E-03    6.1181998E-03   -2.8551599E-03  
       -5.0984998E-03   -8.5654793E-03   -1.8150659E-02   -3.2732367E-02  
       -4.2827399E-02   -5.2820457E-02   -4.8129839E-02   -4.0176180E-02  
       -2.9571299E-02   -1.1216700E-02    5.0984998E-03    1.3460039E-02  
        1.6009289E-02    1.8048690E-02    1.9884149E-02    2.6002349E-02  
        3.3752067E-02    3.3446158E-02    2.5696440E-02    1.7640809E-02  
        4.5886498E-03   -8.6674497E-03   -1.9374299E-02   -2.3351129E-02  
       -3.0998879E-02   -2.8245690E-02   -2.3147190E-02   -1.7742779E-02  
       -1.2338370E-02   -1.2848220E-02   -1.3154129E-02   -8.1575997E-03  
       -2.6512198E-03    3.9768300E-03    6.6280498E-03    5.6083498E-03  
        5.0984998E-03    6.5260799E-03    1.2848220E-02    1.8252629E-02  
        2.4778708E-02    3.1304790E-02    3.0387058E-02    2.5594470E-02  
        2.2025520E-02    1.6621109E-02    1.9578240E-02    2.3860979E-02  
        2.8755540E-02    3.0692969E-02    1.9986120E-02    1.0808820E-02  
       -3.9768300E-03   -1.6621109E-02   -3.2834340E-02   -3.4159949E-02  
       -2.2331429E-02   -1.5091560E-02   -1.0197000E-03    1.1216700E-03  
       -5.4044100E-03   -1.0298970E-02   -1.2848220E-02   -1.4581710E-02  
       -1.3154129E-02   -1.0604879E-02   -7.2398697E-03   -1.8354599E-03  
        3.3650098E-03    8.6674497E-03    1.6111260E-02    2.4370829E-02  
        3.2528428E-02    3.4771767E-02    3.2426458E-02    2.1719608E-02  
        7.4438099E-03    9.1772994E-04   -1.5295499E-03   -4.7925896E-03  
       -7.6477497E-03   -1.2338370E-02   -1.5907320E-02   -1.1828520E-02  
       -5.7103197E-03   -6.1182000E-04   -3.0591000E-04   -3.0591000E-04  
        1.4275799E-03    4.6906197E-03    7.3418396E-03    8.7694201E-03  
        9.9930598E-03    1.2644279E-02    1.4989589E-02    1.7538840E-02  
        2.0393999E-02    2.6104319E-02    3.2324490E-02    2.9265390E-02  
        2.3555070E-02    1.0706850E-02   -1.0197000E-04   -1.1216700E-03  
       -3.6709198E-03   -5.4044100E-03   -8.4635099E-03   -5.3024396E-03  
       -7.1378996E-04    3.7728899E-03    9.7891200E-03    1.5805349E-02  
        2.0903849E-02    1.4581710E-02    7.4438099E-03    2.1413698E-03  
       -2.2433400E-03   -7.1378998E-03   -1.0197000E-02   -7.6477497E-03  
       -5.5063799E-03   -2.9571300E-03   -1.5295499E-03    0.0000000E+00  
       -1.0197000E-04   -6.1182000E-04   -1.1216700E-03   -1.0197000E-03  
       -3.0591000E-04    1.0197000E-04    1.6315200E-03    5.4044100E-03  
        8.7694201E-03    1.2848220E-02    1.5703379E-02    1.3358070E-02  
        1.0400939E-02    5.7103197E-03    6.1182000E-04   -4.0787999E-03  
       -9.9930598E-03   -9.7891200E-03   -4.6906197E-03   -7.1378996E-04  
        3.1610698E-03    4.5886498E-03    6.9339600E-03    5.3024396E-03  
        4.5886498E-03    1.8354599E-03   -2.0394000E-04   -2.9571300E-03  
       -2.8551599E-03   -1.7334900E-03   -6.1182000E-04   -5.0984998E-04  
       -1.7334900E-03   -2.2433400E-03   -3.6709198E-03   -3.2630399E-03  
       -7.1378996E-04    1.4275799E-03    4.1807698E-03    6.6280498E-03  
        6.4241100E-03    5.3024396E-03    6.1182000E-04   -4.5886498E-03  
       -7.7497196E-03   -6.5260799E-03   -6.6280498E-03   -1.0910789E-02  
       -1.6417170E-02   -1.7742779E-02   -1.1930489E-02   -7.1378998E-03  
       -3.6709198E-03   -2.5492499E-03   -2.0394000E-04    4.0787999E-04  
        3.6709198E-03    8.3615395E-03    1.1726550E-02    7.1378998E-03  
        3.8748598E-03   -1.0197000E-03   -2.5492499E-03   -3.4669800E-03  
       -4.1807698E-03   -4.5886498E-03   -6.6280498E-03   -1.2236400E-02  
       -1.1930489E-02   -1.1012760E-02   -9.9930598E-03   -8.2595701E-03  
       -7.7497196E-03   -1.1216700E-02   -1.4071860E-02   -1.6927020E-02  
       -1.4683679E-02   -1.3256100E-02   -1.1318670E-02   -1.1012760E-02  
       -9.9930598E-03   -9.9930598E-03   -6.4241100E-03   -2.0394000E-04  
        5.5063799E-03    1.1216700E-02    1.5499439E-02    2.0088090E-02  
        1.7334899E-02    1.4275800E-02    1.0502910E-02    6.5260799E-03  
        1.0197000E-03   -6.8319896E-03   -1.0706850E-02   -1.2440339E-02  
       -1.4071860E-02   -1.6927020E-02   -2.1923549E-02   -2.7429929E-02  
       -2.7939779E-02   -2.2127490E-02   -1.8150659E-02   -1.1828520E-02  
       -6.2201697E-03    0.0000000E+00    5.5063799E-03    1.0095029E-02  
        1.4683679E-02    1.9068390E-02    2.3657040E-02    2.6716140E-02  
        2.6002349E-02    2.3147190E-02    1.7436870E-02    1.2950189E-02  
        5.5063799E-03   -4.7925896E-03   -1.5193529E-02   -2.1413699E-02  
       -2.5900379E-02   -2.5696440E-02   -2.4982649E-02   -2.3045220E-02  
       -1.8252629E-02   -1.3867920E-02   -8.3615395E-03   -1.4275799E-03  
        4.4866799E-03    9.0753293E-03    9.8910895E-03    1.0197000E-02  
        1.0197000E-02    1.0604879E-02    1.3867920E-02    1.2338370E-02  
        1.0197000E-02    7.3418396E-03    1.9374299E-03   -2.8551599E-03  
       -8.4635099E-03   -1.3358070E-02   -1.9374299E-02   -1.9782179E-02  
       -1.4173829E-02   -1.0197000E-02   -4.4866799E-03   -4.4866799E-03  
       -4.0787999E-03   -4.5886498E-03   -4.9965299E-03   -3.9768300E-03  
       -2.1413698E-03   -2.2433400E-03   -1.6315200E-03   -1.6315200E-03  
       -1.2236400E-03   -1.2236400E-03    2.8551599E-03    6.9339600E-03  
        1.1726550E-02    9.7891200E-03    5.7103197E-03    1.7334900E-03  
       -3.1610698E-03   -7.9536599E-03   -9.3812395E-03   -9.3812395E-03  
       -9.6871497E-03   -9.3812395E-03   -8.7694201E-03   -5.3024396E-03  
       -2.2433400E-03    1.4275799E-03    3.8748598E-03    3.4669800E-03  
        3.4669800E-03    2.9571300E-03    4.0787999E-03    5.5063799E-03  
        6.8319896E-03    8.6674497E-03    8.8713895E-03    7.8516895E-03  
        7.1378998E-03    6.2201697E-03    7.6477497E-03    8.8713895E-03  
        1.0400939E-02    1.1318670E-02    9.1772997E-03    7.6477497E-03  
        5.4044100E-03    6.3221396E-03    8.0556298E-03    9.8910895E-03  
        1.2032460E-02    1.3765950E-02    1.0706850E-02    7.8516895E-03  
        4.4866799E-03    1.2236400E-03   -2.1413698E-03   -4.2827397E-03  
       -6.9339600E-03   -8.8713895E-03   -1.2236400E-02   -1.6213229E-02  
       -2.0190059E-02   -2.3759008E-02   -2.6308258E-02   -2.7531899E-02  
       -2.8347658E-02   -2.9265390E-02   -2.8347658E-02   -2.7531899E-02  
       -2.6308258E-02   -2.5594470E-02   -2.2331429E-02   -1.7640809E-02  
       -1.3154129E-02   -1.1114729E-02   -1.0706850E-02   -9.6871497E-03  
       -9.2792701E-03   -7.3418396E-03   -6.0162299E-03   -4.0787999E-03  
       -2.3453099E-03    1.8354599E-03    3.5689499E-03    4.2827397E-03  
        4.8945600E-03    4.3847100E-03    4.3847100E-03    3.8748598E-03  
        3.6709198E-03    3.2630399E-03    4.7925896E-03    6.4241100E-03  
        8.6674497E-03    1.1216700E-02    1.3663979E-02    1.6315199E-02  
        1.8456570E-02    1.7640809E-02    1.7130959E-02    1.6213229E-02  
        1.4989589E-02    1.1012760E-02    6.9339600E-03    3.2630399E-03  
        9.1772994E-04    1.9374299E-03    2.8551599E-03    4.0787999E-03  
        5.5063799E-03    7.0359299E-03    9.6871497E-03    1.1930489E-02  
        1.4581710E-02    1.4581710E-02    1.2746250E-02    1.2440339E-02  
        1.2644279E-02    1.2848220E-02    1.3256100E-02    1.3562010E-02  
        1.0808820E-02    8.0556298E-03    4.6906197E-03    2.0393999E-03  
        5.0984998E-04   -1.1216700E-03   -2.5492499E-03   -1.1216700E-03  
        1.8354599E-03    4.3847100E-03    7.7497196E-03    1.0502910E-02  
        1.3562010E-02    1.0298970E-02    6.3221396E-03    1.8354599E-03  
       -2.7531900E-03   -8.1575997E-03   -9.0753293E-03   -5.5063799E-03  
       -3.0590999E-03    6.1182000E-04    1.2236400E-03    2.2433400E-03  
        2.7531900E-03    3.2630399E-03    4.8945600E-03    7.0359299E-03  
        9.0753293E-03    1.1420639E-02    1.3562010E-02    1.4275800E-02  
        1.3969889E-02    1.4275800E-02    1.3765950E-02    1.4173829E-02  
        1.0400939E-02    3.0590999E-03   -3.2630399E-03   -6.4241100E-03  
       -8.6674497E-03   -1.1420639E-02   -1.6009289E-02   -2.0088090E-02  
       -1.9170359E-02   -1.8558540E-02   -1.7334899E-02   -1.5907320E-02  
       -1.4479739E-02   -1.3154129E-02   -1.2746250E-02   -1.2236400E-02  
       -1.1828520E-02   -1.1624579E-02   -1.0808820E-02   -6.5260799E-03  
       -2.1413698E-03    2.0394000E-04   -4.0787999E-04   -4.0787999E-04  
       -1.4275799E-03   -1.9374299E-03   -8.1575998E-04    1.1216700E-03  
        2.7531900E-03    5.0984998E-03    5.4044100E-03    4.2827397E-03  
        3.0590999E-03    1.1216700E-03   -5.0984998E-04   -2.4472800E-03  
       -2.0393999E-03   -7.1378996E-04    4.0787999E-04    1.9374299E-03  
        3.3650098E-03    4.8945600E-03    5.8122896E-03    6.6280498E-03  
        7.5457798E-03    8.2595701E-03    9.2792701E-03    1.2950189E-02  
        1.7232929E-02    1.4683679E-02    1.0706850E-02    7.1378998E-03  
        3.5689499E-03    2.0394000E-04   -3.2630399E-03   -6.5260799E-03  
       -9.6871497E-03   -9.2792701E-03   -8.4635099E-03   -7.4438099E-03  
       -5.2004697E-03   -3.0590999E-03   -4.0787999E-04    3.3650098E-03  
        5.3024396E-03    4.4866799E-03    4.0787999E-03    3.0590999E-03  
        2.0393999E-03    1.0197000E-03    1.0197000E-04   -1.0197000E-03  
       -1.4275799E-03    2.0394000E-04    1.6315200E-03    3.0590999E-03  
        2.3453099E-03    1.6315200E-03    1.6315200E-03    2.6512198E-03  
        3.2630399E-03    4.5886498E-03    4.6906197E-03    2.1413698E-03  
       -3.0591000E-04   -3.0590999E-03   -6.1181998E-03   -8.8713895E-03  
       -1.1828520E-02   -1.0910789E-02   -9.5851793E-03   -7.9536599E-03  
       -6.9339600E-03   -6.4241100E-03   -5.8122896E-03   -5.0984998E-03  
       -4.1807698E-03   -3.3650098E-03   -2.4472800E-03   -1.4275799E-03  
       -5.0984998E-04    4.0787999E-04    1.3256099E-03    2.1413698E-03  
        1.0197000E-04   -1.8354599E-03   -4.0787999E-03   -6.5260799E-03  
       -8.8713895E-03   -1.1216700E-02   -1.3154129E-02   -1.5397470E-02  
       -1.6825049E-02   -1.7742779E-02   -1.8762479E-02   -1.9782179E-02  
       -2.0597940E-02   -2.1719608E-02   -2.0190059E-02   -1.7640809E-02  
       -1.3765950E-02   -6.6280498E-03   -1.4275799E-03    2.0393999E-03  
        5.6083498E-03    8.3615395E-03    9.0753293E-03    1.0400939E-02  
        9.4832099E-03    8.1575997E-03    6.2201697E-03    3.3650098E-03  
        3.0591000E-04   -2.4472800E-03   -5.8122896E-03   -4.5886498E-03  
       -1.3256099E-03    1.3256099E-03    3.3650098E-03    4.8945600E-03  
        5.5063799E-03    5.9142600E-03    6.3221396E-03    6.6280498E-03  
        7.0359299E-03    7.3418396E-03    7.6477497E-03    7.8516895E-03  
        7.4438099E-03    7.0359299E-03    6.5260799E-03    5.9142600E-03  
        5.5063799E-03    4.8945600E-03    6.2201697E-03    8.0556298E-03  
        9.7891200E-03    1.1624579E-02    1.2848220E-02    1.4173829E-02  
        1.3358070E-02    1.2542310E-02    1.1624579E-02    1.0502910E-02  
        8.8713895E-03    7.3418396E-03    5.7103197E-03    4.0787999E-03  
        2.4472800E-03    7.1378996E-04    4.0787999E-04    8.1575998E-04  
        9.1772994E-04    2.3453099E-03    4.2827397E-03    5.3024396E-03  
        6.2201697E-03    7.3418396E-03    8.0556298E-03    9.0753293E-03  
        9.6871497E-03    9.6871497E-03    9.4832099E-03    9.0753293E-03  
        2.5492499E-03    0.0000000E+00   -5.0984998E-04   -2.0393999E-03  
       -2.4472800E-03   -3.3650098E-03   -4.8945600E-03   -6.5260799E-03  
       -8.1575997E-03   -9.8910895E-03   -1.1624579E-02   -1.3052160E-02  
       -1.0808820E-02   -9.0753293E-03   -6.7300197E-03   -4.3847100E-03  
       -1.9374299E-03   -1.1216700E-03   -9.1772994E-04   -5.0984998E-04  
       -4.0787999E-04    5.0984998E-04    1.4275799E-03    2.4472800E-03  
        3.5689499E-03    4.3847100E-03    4.4866799E-03    3.9768300E-03  
        1.3256099E-03   -8.1575998E-04   -3.6709198E-03   -4.7925896E-03  
       -5.6083498E-03   -6.3221396E-03   -6.9339600E-03   -7.4438099E-03  
       -8.1575997E-03   -7.6477497E-03   -6.5260799E-03   -2.8551599E-03  
        5.0984998E-04    4.6906197E-03    6.6280498E-03    6.1181998E-03  
        6.1181998E-03    5.5063799E-03    4.9965299E-03    4.4866799E-03  
        3.9768300E-03    2.9571300E-03    0.0000000E+00   -2.6512198E-03  
       -5.3024396E-03   -4.2827397E-03   -3.7728899E-03   -2.5492499E-03  
       -1.5295499E-03   -2.0394000E-04    2.0394000E-04    0.0000000E+00  
       -1.0197000E-04   -4.0787999E-04   -7.1378996E-04   -6.1182000E-04  
       -1.0197000E-04    3.0591000E-04    7.1378996E-04   -1.0197000E-04  
       -7.1378996E-04   -1.5295499E-03   -2.4472800E-03   -2.9571300E-03  
       -2.8551599E-03   -2.8551599E-03   -2.5492499E-03   -2.4472800E-03  
       -2.1413698E-03   -2.7531900E-03   -4.4866799E-03   -5.9142600E-03  
       -7.7497196E-03   -8.5654793E-03   -8.3615395E-03   -8.4635099E-03  
       -7.6477497E-03   -5.0984998E-03   -2.8551599E-03   -2.0394000E-04  
        1.8354599E-03    1.8354599E-03    2.1413698E-03    2.1413698E-03  
        2.1413698E-03    3.1610698E-03    4.3847100E-03    4.9965299E-03  
        4.9965299E-03    4.9965299E-03    4.8945600E-03    4.7925896E-03  
        5.3024396E-03    6.8319896E-03    8.0556298E-03    9.6871497E-03  
        9.8910895E-03    9.7891200E-03    9.7891200E-03    9.4832099E-03  
        9.2792701E-03    9.0753293E-03    8.8713895E-03    8.5654793E-03  
        8.3615395E-03    8.1575997E-03    7.8516895E-03    6.3221396E-03  
        4.7925896E-03    3.5689499E-03    3.6709198E-03    3.4669800E-03  
        3.5689499E-03    3.6709198E-03    3.2630399E-03    1.9374299E-03  
        1.5295499E-03    1.4275799E-03    1.2236400E-03    1.2236400E-03  
        1.1216700E-03    0.0000000E+00   -1.0197000E-03   -2.0393999E-03  
       -2.5492499E-03   -2.9571300E-03   -3.3650098E-03   -3.7728899E-03  
       -4.8945600E-03   -6.4241100E-03   -7.8516895E-03   -9.3812395E-03  
       -1.0910789E-02   -1.2440339E-02   -1.4071860E-02   -1.4581710E-02  
       -1.2236400E-02   -1.0502910E-02   -7.9536599E-03   -6.8319896E-03  
       -6.4241100E-03   -5.9142600E-03   -5.7103197E-03   -5.4044100E-03  
       -5.0984998E-03   -4.8945600E-03   -4.5886498E-03   -4.2827397E-03  
       -3.9768300E-03   -3.1610698E-03   -2.6512198E-03   -1.1216700E-03  
        1.0197000E-03    3.1610698E-03    4.6906197E-03    4.8945600E-03  
        5.5063799E-03    5.6083498E-03    6.4241100E-03    8.5654793E-03  
        1.0298970E-02    8.5654793E-03    7.2398697E-03    5.4044100E-03  
        3.3650098E-03    2.8551599E-03    2.9571300E-03    2.8551599E-03  
        2.7531900E-03    1.2236400E-03   -1.0197000E-04   -1.0197000E-03  
       -1.1216700E-03   -1.6315200E-03   -1.5295499E-03   -3.1610698E-03  
       -6.9339600E-03   -1.0095029E-02   -1.0400939E-02   -1.0706850E-02  
       -1.0808820E-02   -1.0095029E-02   -9.0753293E-03   -8.0556298E-03  
       -7.5457798E-03   -7.3418396E-03   -6.9339600E-03   -6.8319896E-03  
       -6.4241100E-03   -4.0787999E-03   -1.3256099E-03    1.3256099E-03  
        4.3847100E-03    7.2398697E-03    1.0095029E-02    8.7694201E-03  
        6.4241100E-03    4.1807698E-03    1.3256099E-03   -1.4275799E-03  
       -3.5689499E-03   -3.7728899E-03   -4.4866799E-03   -4.6906197E-03  
       -4.9965299E-03   -5.2004697E-03   -5.5063799E-03   -5.7103197E-03  
       -5.9142600E-03   -4.6906197E-03   -2.9571300E-03   -1.3256099E-03  
        7.1378996E-04    1.7334900E-03    1.9374299E-03    2.5492499E-03  
        2.5492499E-03    3.5689499E-03    5.0984998E-03    6.5260799E-03  
        8.1575997E-03    9.5851793E-03    9.8910895E-03    1.0400939E-02  
        1.0706850E-02    1.1012760E-02    1.1216700E-02    1.0604879E-02  
        1.0095029E-02    9.4832099E-03    8.7694201E-03    8.0556298E-03  
        7.3418396E-03    6.4241100E-03    5.6083498E-03    4.6906197E-03  
        3.8748598E-03    3.1610698E-03    2.7531900E-03    2.1413698E-03  
        1.7334900E-03    1.2236400E-03    7.1378996E-04    3.0591000E-04  
        8.1575998E-04    1.3256099E-03    1.9374299E-03    2.2433400E-03  
        9.1772994E-04   -3.0591000E-04   -1.7334900E-03   -3.1610698E-03  
       -4.7925896E-03   -5.4044100E-03   -4.8945600E-03   -4.3847100E-03  
       -3.8748598E-03   -2.5492499E-03   -9.1772994E-04    7.1378996E-04  
        1.7334900E-03    2.2433400E-03    3.5689499E-03    6.2201697E-03  
        8.4635099E-03    1.1420639E-02    1.0910789E-02    8.8713895E-03  
        7.2398697E-03    4.7925896E-03    2.7531900E-03    4.0787999E-04  
       -1.6315200E-03   -2.4472800E-03   -3.3650098E-03   -4.6906197E-03  
       -7.0359299E-03   -8.5654793E-03   -8.9733599E-03   -9.4832099E-03  
       -9.6871497E-03   -9.8910895E-03   -1.0095029E-02   -1.0298970E-02  
       -1.0400939E-02   -9.9930598E-03   -9.6871497E-03   -9.1772997E-03  
       -8.8713895E-03   -9.0753293E-03   -9.2792701E-03   -9.4832099E-03  
       -9.7891200E-03   -9.8910895E-03   -8.9733599E-03   -8.2595701E-03  
       -7.2398697E-03   -6.9339600E-03   -6.9339600E-03   -6.8319896E-03  
       -6.8319896E-03   -6.7300197E-03   -6.7300197E-03   -6.5260799E-03  
       -5.7103197E-03   -5.0984998E-03   -4.3847100E-03   -3.4669800E-03  
       -2.3453099E-03   -1.3256099E-03   -2.0394000E-04    1.0197000E-03  
        1.7334900E-03    9.1772994E-04    3.0591000E-04   -5.0984998E-04  
       -1.4275799E-03   -7.1378996E-04    6.1182000E-04    1.6315200E-03  
        1.3256099E-03    1.2236400E-03    8.1575998E-04    5.0984998E-04  
        0.0000000E+00    2.0394000E-04    9.1772994E-04    1.4275799E-03  
        2.1413698E-03    2.2433400E-03    1.0197000E-03    0.0000000E+00  
       -1.2236400E-03   -2.4472800E-03   -2.4472800E-03   -1.9374299E-03  
       -1.6315200E-03   -1.8354599E-03   -2.2433400E-03   -2.7531900E-03  
       -3.0590999E-03   -2.6512198E-03   -2.2433400E-03   -2.2433400E-03  
       -3.2630399E-03   -4.1807698E-03   -5.2004697E-03   -4.6906197E-03  
       -4.3847100E-03   -3.8748598E-03   -3.2630399E-03   -2.6512198E-03  
       -2.0393999E-03   -1.9374299E-03   -1.8354599E-03   -1.5295499E-03  
        1.3256099E-03    4.1807698E-03    6.8319896E-03    7.1378998E-03  
        7.7497196E-03    7.9536599E-03    8.1575997E-03    8.2595701E-03  
        8.5654793E-03    7.9536599E-03    6.2201697E-03    4.8945600E-03  
        3.1610698E-03    2.9571300E-03    3.0590999E-03    3.2630399E-03  
        3.5689499E-03    3.7728899E-03    2.4472800E-03    7.1378996E-04  
       -8.1575998E-04   -2.8551599E-03   -3.5689499E-03   -2.2433400E-03  
       -1.3256099E-03    1.0197000E-04    3.0591000E-04    1.0197000E-04  
       -1.0197000E-04   -5.0984998E-04   -8.1575998E-04   -1.1216700E-03  
       -1.5295499E-03   -1.2236400E-03   -8.1575998E-04   -4.0787999E-04  
        1.0197000E-04    5.0984998E-04    8.1575998E-04    8.1575998E-04  
        9.1772994E-04    1.0197000E-03    2.2433400E-03    3.3650098E-03  
        4.6906197E-03    6.0162299E-03    7.3418396E-03    8.0556298E-03  
        6.3221396E-03    5.0984998E-03    3.2630399E-03    1.6315200E-03  
       -4.0787999E-04    0.0000000E+00    3.0590999E-03    5.3024396E-03  
        8.8713895E-03    8.3615395E-03    3.1610698E-03   -2.0394000E-04  
       -6.3221396E-03   -2.8551599E-03    5.9142600E-03    1.3256100E-02  
        2.2535370E-02    1.8864449E-02    9.5851793E-03    9.2792701E-03  
        7.8516895E-03    9.1772997E-03    1.6315200E-03   -8.5654793E-03  
       -2.0393999E-02   -1.5091560E-02   -7.1378996E-04    1.0910789E-02  
        1.0095029E-02    4.8945600E-03    3.0591000E-04   -7.0359299E-03  
       -1.0910789E-02   -1.5295499E-03    7.0359299E-03    1.4071860E-02  
        6.8319896E-03    2.0393999E-03    3.5689499E-03    9.1772997E-03  
        8.7694201E-03    5.3024396E-03    2.4472800E-03    1.6315200E-03  
        1.3256099E-03   -1.1216700E-03   -3.4669800E-03   -6.8319896E-03  
       -5.5063799E-03   -2.0393999E-03    1.4275799E-03    4.8945600E-03  
        9.8910895E-03    5.9142600E-03   -4.8945600E-03   -1.2134429E-02  
       -9.6871497E-03   -6.1181998E-03   -2.4472800E-03    3.2630399E-03  
        3.8748598E-03    1.4275799E-03   -1.0197000E-04   -7.1378996E-04  
        6.1182000E-04    1.0197000E-03    2.4472800E-03    1.3256099E-03  
        4.0787999E-04   -8.1575998E-04   -2.7531900E-03   -5.6083498E-03  
       -8.5654793E-03   -9.4832099E-03   -6.2201697E-03   -3.6709198E-03  
       -2.0394000E-04    3.3650098E-03    3.7728899E-03   -1.4275799E-03  
       -4.5886498E-03   -1.0502910E-02   -7.8516895E-03   -2.3453099E-03  
        3.1610698E-03    4.1807698E-03    2.6512198E-03    1.3256099E-03  
        1.5295499E-03    6.2201697E-03    7.4438099E-03    7.5457798E-03  
        7.7497196E-03    7.4438099E-03    7.2398697E-03    5.8122896E-03  
        3.8748598E-03    2.1413698E-03   -2.0394000E-04   -3.3650098E-03  
       -6.5260799E-03   -6.9339600E-03   -5.2004697E-03   -5.5063799E-03  
       -5.5063799E-03   -5.8122896E-03   -3.3650098E-03    0.0000000E+00  
        3.3650098E-03    7.1378998E-03    9.7891200E-03    8.6674497E-03  
        8.1575997E-03    6.9339600E-03    7.6477497E-03    7.8516895E-03  
        8.6674497E-03    6.2201697E-03    3.7728899E-03    7.1378996E-04  
       -1.0197000E-04    4.0787999E-04    5.0984998E-04   -1.0197000E-03  
       -2.9571300E-03   -4.6906197E-03   -7.0359299E-03   -6.6280498E-03  
       -4.4866799E-03   -2.8551599E-03   -7.1378996E-04   -2.3453099E-03  
       -3.3650098E-03   -5.2004697E-03   -6.1181998E-03   -5.7103197E-03  
       -5.5063799E-03   -5.0984998E-03   -6.7300197E-03   -9.2792701E-03  
       -1.1624579E-02   -1.4275800E-02   -1.4071860E-02   -1.4275800E-02  
       -1.2338370E-02   -9.7891200E-03   -7.5457798E-03   -4.6906197E-03  
       -3.4669800E-03   -4.2827397E-03   -4.5886498E-03   -5.6083498E-03  
       -6.4241100E-03   -7.3418396E-03   -8.1575997E-03   -7.4438099E-03  
       -5.3024396E-03   -3.7728899E-03   -2.6512198E-03   -1.4275799E-03 /
'END'
